     0      0      21.2215     -18.0417
     1      0      20.8936     -23.6744
     2      0      15.6275     -21.1418
     3      0      14.5928     -19.6597
     4      0      16.2585     -17.2016
     5      0            0            0
     6      0            0            0
     7      0            0            0
     8      0            0            0
     9      0            0            0
     0      1      28.1624     -13.1035
     1      1      43.1775     -33.6747
     2      1      33.4324     -38.4481
     3      1      28.8689     -40.3756
     4      1      10.9209     -21.3617
     5      1      19.1988     -19.5133
     6      1            0            0
     7      1      18.5379     -18.6067
     8      1            0            0
     9      1            0            0
     0      2      17.5208     -16.5011
     1      2      38.7854     -31.5187
     2      2      34.4748     -33.6481
     3      2      35.1394     -39.3357
     4      2      15.1322     -21.8815
     5      2      12.8886     -19.3651
     6      2            0            0
     7      2      20.5747     -16.6648
     8      2            0            0
     9      2            0            0
     0      3       14.693     -16.7889
     1      3      35.4357     -30.3132
     2      3      38.9274     -30.3853
     3      3      38.3796     -33.2813
     4      3      20.8037     -20.3537
     5      3      14.5462     -21.9932
     6      3            0            0
     7      3      18.7563     -15.5762
     8      3            0            0
     9      3            0            0
     0      4      13.2276     -19.5206
     1      4      12.0366     -15.8807
     2      4      19.4167     -16.5698
     3      4      25.8951     -15.1328
     4      4      23.1746     -17.2394
     5      4            0            0
     6      4            0            0
     7      4            0            0
     8      4            0            0
     9      4            0            0
     0      5            0            0
     1      5      21.4482     -17.3997
     2      5      12.5318     -18.8346
     3      5      19.0664     -14.3037
     4      5            0            0
     5      5      26.6485      -16.906
     6      5            0            0
     7      5      14.2676      -21.181
     8      5            0            0
     9      5            0            0
     0      6            0            0
     1      6            0            0
     2      6            0            0
     3      6            0            0
     4      6            0            0
     5      6            0            0
     6      6            0            0
     7      6            0            0
     8      6            0            0
     9      6            0            0
     0      7            0            0
     1      7      18.3837     -17.8312
     2      7      18.6661     -20.5136
     3      7      14.7054     -21.6136
     4      7            0            0
     5      7      18.6098     -14.7992
     6      7            0            0
     7      7       21.047     -17.4481
     8      7            0            0
     9      7            0            0
     0      8            0            0
     1      8            0            0
     2      8            0            0
     3      8            0            0
     4      8            0            0
     5      8            0            0
     6      8            0            0
     7      8            0            0
     8      8            0            0
     9      8            0            0
     0      9            0            0
     1      9            0            0
     2      9            0            0
     3      9            0            0
     4      9            0            0
     5      9            0            0
     6      9            0            0
     7      9            0            0
     8      9            0            0
     9      9            0            0
