     0      0      277.329      -53.816
     1      0      11.9882     -98.1462
     2      0      17.6067     -58.0601
     3      0      18.9306     -87.2758
     4      0      67.8519     -34.6767
     5      0      39.9464     -35.5725
     6      0       37.917     -79.9518
     7      0      42.2919      -13.714
     8      0      23.9824     -72.7922
     9      0      54.2598     -65.3359
     0      1      62.4679       -15.12
     1      1      298.487     -58.9767
     2      1      33.1444     -149.791
     3      1      104.897      -51.898
     4      1      36.8195     -34.9045
     5      1      20.9478     -85.6209
     6      1      32.7354     -108.862
     7      1      13.1702     -41.1111
     8      1      14.2159     -52.6743
     9      1      33.8914     -56.4343
     0      2      16.8535     -48.5212
     1      2       88.677     -44.9642
     2      2      382.699     -65.0207
     3      2      76.9034     -136.349
     4      2      31.5459     -80.9521
     5      2      47.8206     -61.0119
     6      2      83.7769     -99.1942
     7      2      61.6491     -93.0827
     8      2      25.5603     -125.151
     9      2      14.4606     -125.225
     0      3      28.6066     -76.7681
     1      3      48.9402     -126.707
     2      3      104.522     -113.525
     3      3      447.629     -55.7251
     4      3       10.988     -135.272
     5      3      15.5727     -111.268
     6      3      72.8357     -81.1953
     7      3      57.4558     -48.9472
     8      3       106.66     -38.1566
     9      3      17.9822     -118.127
     0      4      12.7894     -173.195
     1      4      16.4728     -73.5111
     2      4      20.8411     -82.5265
     3      4      79.9008     -12.7629
     4      4       306.74     -56.0944
     5      4      71.2454     -31.3322
     6      4      36.7795     -55.4314
     7      4      42.2814      -60.499
     8      4      31.5297     -73.4299
     9      4      45.2355     -53.5075
     0      5      40.1832     -33.7545
     1      5      63.1592     -19.1575
     2      5      19.8354     -100.348
     3      5      37.5193     -56.0164
     4      5      51.8674     -65.1313
     5      5      263.267     -57.8534
     6      5      28.4613     -37.2514
     7      5      14.4661     -98.4814
     8      5      9.74104     -95.9172
     9      5      40.8336     -17.1471
     0      6      46.0466     -49.4849
     1      6      71.4368     -46.9989
     2      6      83.7922     -96.0112
     3      6      48.0048      -157.04
     4      6      13.3664     -109.884
     5      6      7.00116      -105.48
     6      6      362.404     -63.2854
     7      6      51.5121     -57.9052
     8      6      60.9033     -100.314
     9      6      65.8414     -33.4306
     0      7      14.6622     -57.3668
     1      7      6.34465     -66.5483
     2      7      61.7782     -89.6538
     3      7      21.3491     -144.839
     4      7      52.1662     -41.5345
     5      7      57.7599      -12.337
     6      7      46.1799     -68.2877
     7      7      246.059     -59.9873
     8      7      34.2348     -34.9119
     9      7      20.8213     -39.9091
     0      8      34.9922      -60.327
     1      8      19.8919     -51.8699
     2      8      41.7298     -69.4606
     3      8      28.7961     -180.673
     4      8      62.7475     -26.8882
     5      8      32.5363     -41.7448
     6      8      87.5955     -76.4251
     7      8      40.5318     -31.1908
     8      8      329.003     -59.5438
     9      8      39.9958     -111.626
     0      9      84.7519     -31.0209
     1      9      21.1553     -80.3759
     2      9      65.8876     -18.4892
     3      9      63.7001      -45.556
     4      9      22.3906     -81.8307
     5      9      8.20704     -90.7025
     6      9       17.384     -138.218
     7      9      11.3582     -67.3267
     8      9      81.7264     -45.1499
     9      9      314.592     -53.4271
