 0 1 2 3 4 5 6 7 8 9
 2 3 1 5 7 8 0 4 9 6
 3 4 2 0 8 9 1 5 6 7
 3 9 7 6 1 0 5 4 2 8
 8 9 0 3 1 2 7 5 4 6
 4 5 0 1 6 7 3 9 8 2
 6 8 2 3 9 0 7 5 1 4
 3 4 0 9 6 8 2 7 5 1
 5 8 3 6 0 4 7 2 9 1
 2 3 5 4 7 0 6 1 9 8
 6 8 3 1 2 4 7 0 5 9
 2 6 7 3 1 4 5 8 9 0
 7 8 6 3 2 5 4 1 9 0
 3 2 9 5 7 1 6 0 8 4
 4 1 6 2 9 7 0 3 5 8
 8 3 5 2 6 4 1 9 7 0
 2 8 9 1 5 0 3 7 4 6
 0 9 4 8 7 1 2 5 6 3
 0 6 2 7 4 9 3 8 1 5
 5 4 8 9 6 1 2 3 7 0
 125 125 125 125 125 125 125 125 125 125 125 125 125 125 125 125 125 125 125 125
 15 1 23 6 5 2 11 19 7 4 10 0 9 13 18 16 17 20 12 8 24 21 68 71 57 70 72 50 64 3 67 22 56 63 51 14 69 73 58 52 65 59 61 108 55 103 101 62 119 121 54 53 123 74 115 66 107 118 106 122 113 60 102 111 114 109 116 120 112 166 100 105 167 104 124 110 158 117 156 160 172 171 173 155 164 157 151 154 153 150 162 152 163 159 168 161 169 174 212 218 216 165 210 219 208 213 205 220 170 215 221 224 211 201 204 214 203 200 222 207 217 202 206 209 223 0 0 0 0 0 0 0 0 0 0 0 0 0 0 0 0 0 0 0 0 0 0 0 0 0 0 0 0 0 0 0 0 0 0 0 0 0 0 0 0 0 0 0 0 0 0 0 0 0 0 0 0 0 0 0 0 0 0 0 0 0 0 0 0 0 0 0 0 0 0 0 0 0 0 0 0 0 0 0 0 0 0 0 0 0 0 0 0 0 0 0 0 0 0 0 0 0 0 0 0 0 0 0 0 0 0 0 0 0 0 0 0 0 0 0 0 0 0 0 0 0 0 0 0 0 0 0 0 0 0 0 0 0 0 0 0 0 0 0 0 0 0 0 0 0 0 0 0 0 0 0 0 0 0 0 0 0 0 0 0 0 0 0 0 0 0 0 0 0 0 0 0 0 0 0 0 0 0 0 0 0 0 0 0 0 0 0 0 0 0 0 0 0 0 0 0 0 0 0 0 0 0 0 0 0 0 0 0 0 0 0 0 0 0 0 0 0 0 0 0 0 0 0 0 0 0 0 0 0 0 0 0 0 0 0 0 0 0 0 0 0 0 0 0 0 0 0 0 0 0 0 0 0 0 0 0 0 0 0 0 0 0 0 0 0 0 0 0 0 0 0 0 0 0 0 0 0 0 0 0 0 0 0 0 0 0 0 0 0 0 0 0 0 0 0 0 0 0 0 0 0 0 0 0 0 0 0 0 0 0 0 0 0 0 0 0 0 0 0 0 0 0 0 0 0 0 0 0 0 0 0 0 0 0 0 0 0 0 0 0 0 0 0 0 0 0 0 0 0 0 0 0 0 0 0 0 0 0 0 0 0 0 0 0 0 0 0 0 0 0 0 0 0 0 0
 149 112 144 127 120 170 132 138 133 147 100 173 142 126 148 122 123 190 116 114 155 140 194 157 107 158 151 110 178 163 160 169 108 152 199 179 146 119 176 183 134 130 198 167 186 192 56 82 153 52 188 150 76 180 97 99 77 87 94 62 71 64 281 78 98 276 53 250 72 75 51 86 296 255 83 268 293 269 55 283 257 81 96 261 85 273 278 299 50 287 392 279 260 290 393 253 383 265 377 277 286 364 385 360 272 297 363 386 375 251 373 362 369 378 371 374 399 382 372 390 357 395 351 396 398 0 0 0 0 0 0 0 0 0 0 0 0 0 0 0 0 0 0 0 0 0 0 0 0 0 0 0 0 0 0 0 0 0 0 0 0 0 0 0 0 0 0 0 0 0 0 0 0 0 0 0 0 0 0 0 0 0 0 0 0 0 0 0 0 0 0 0 0 0 0 0 0 0 0 0 0 0 0 0 0 0 0 0 0 0 0 0 0 0 0 0 0 0 0 0 0 0 0 0 0 0 0 0 0 0 0 0 0 0 0 0 0 0 0 0 0 0 0 0 0 0 0 0 0 0 0 0 0 0 0 0 0 0 0 0 0 0 0 0 0 0 0 0 0 0 0 0 0 0 0 0 0 0 0 0 0 0 0 0 0 0 0 0 0 0 0 0 0 0 0 0 0 0 0 0 0 0 0 0 0 0 0 0 0 0 0 0 0 0 0 0 0 0 0 0 0 0 0 0 0 0 0 0 0 0 0 0 0 0 0 0 0 0 0 0 0 0 0 0 0 0 0 0 0 0 0 0 0 0 0 0 0 0 0 0 0 0 0 0 0 0 0 0 0 0 0 0 0 0 0 0 0 0 0 0 0 0 0 0 0 0 0 0 0 0 0 0 0 0 0 0 0 0 0 0 0 0 0 0 0 0 0 0 0 0 0 0 0 0 0 0 0 0 0 0 0 0 0 0 0 0 0 0 0 0 0 0 0 0 0 0 0 0 0 0 0 0 0 0 0 0 0 0 0 0 0 0 0 0 0 0 0 0 0 0 0 0 0 0 0 0 0 0 0 0 0 0 0 0 0 0 0 0 0 0 0 0 0 0 0 0 0 0 0 0 0 0 0 0 0 0 0 0 0 0
 150 170 169 174 195 186 157 160 162 184 208 158 165 155 167 152 156 168 154 191 192 185 172 159 166 188 207 241 239 122 202 213 226 223 209 231 201 218 105 216 229 214 125 210 230 224 109 240 115 242 128 249 120 111 144 233 130 238 138 140 104 129 227 143 139 110 126 123 108 103 203 8 18 1 3 148 36 9 424 45 102 4 16 147 24 15 423 39 21 6 7 28 145 27 441 20 403 421 29 17 436 32 22 425 41 446 404 438 418 46 411 428 38 445 415 442 447 410 413 412 400 439 437 432 401 0 0 0 0 0 0 0 0 0 0 0 0 0 0 0 0 0 0 0 0 0 0 0 0 0 0 0 0 0 0 0 0 0 0 0 0 0 0 0 0 0 0 0 0 0 0 0 0 0 0 0 0 0 0 0 0 0 0 0 0 0 0 0 0 0 0 0 0 0 0 0 0 0 0 0 0 0 0 0 0 0 0 0 0 0 0 0 0 0 0 0 0 0 0 0 0 0 0 0 0 0 0 0 0 0 0 0 0 0 0 0 0 0 0 0 0 0 0 0 0 0 0 0 0 0 0 0 0 0 0 0 0 0 0 0 0 0 0 0 0 0 0 0 0 0 0 0 0 0 0 0 0 0 0 0 0 0 0 0 0 0 0 0 0 0 0 0 0 0 0 0 0 0 0 0 0 0 0 0 0 0 0 0 0 0 0 0 0 0 0 0 0 0 0 0 0 0 0 0 0 0 0 0 0 0 0 0 0 0 0 0 0 0 0 0 0 0 0 0 0 0 0 0 0 0 0 0 0 0 0 0 0 0 0 0 0 0 0 0 0 0 0 0 0 0 0 0 0 0 0 0 0 0 0 0 0 0 0 0 0 0 0 0 0 0 0 0 0 0 0 0 0 0 0 0 0 0 0 0 0 0 0 0 0 0 0 0 0 0 0 0 0 0 0 0 0 0 0 0 0 0 0 0 0 0 0 0 0 0 0 0 0 0 0 0 0 0 0 0 0 0 0 0 0 0 0 0 0 0 0 0 0 0 0 0 0 0 0 0 0 0 0 0 0 0 0 0 0 0 0 0 0 0 0 0 0 0 0 0 0 0 0 0 0 0 0 0 0 0 0 0 0 0 0 0
 186 159 174 195 190 173 151 157 191 169 182 180 158 164 160 168 153 165 480 170 455 197 189 152 167 457 487 491 458 185 460 496 456 464 499 476 478 450 472 155 479 475 485 463 451 483 477 390 396 474 395 361 454 359 353 484 369 355 350 398 385 387 376 393 391 373 331 365 346 323 307 364 308 314 394 380 354 372 335 306 316 349 362 336 301 386 95 317 318 319 328 68 83 322 342 381 97 309 81 334 324 311 50 310 90 63 74 59 82 84 93 67 86 302 99 72 54 64 58 80 325 57 61 52 91 0 0 0 0 0 0 0 0 0 0 0 0 0 0 0 0 0 0 0 0 0 0 0 0 0 0 0 0 0 0 0 0 0 0 0 0 0 0 0 0 0 0 0 0 0 0 0 0 0 0 0 0 0 0 0 0 0 0 0 0 0 0 0 0 0 0 0 0 0 0 0 0 0 0 0 0 0 0 0 0 0 0 0 0 0 0 0 0 0 0 0 0 0 0 0 0 0 0 0 0 0 0 0 0 0 0 0 0 0 0 0 0 0 0 0 0 0 0 0 0 0 0 0 0 0 0 0 0 0 0 0 0 0 0 0 0 0 0 0 0 0 0 0 0 0 0 0 0 0 0 0 0 0 0 0 0 0 0 0 0 0 0 0 0 0 0 0 0 0 0 0 0 0 0 0 0 0 0 0 0 0 0 0 0 0 0 0 0 0 0 0 0 0 0 0 0 0 0 0 0 0 0 0 0 0 0 0 0 0 0 0 0 0 0 0 0 0 0 0 0 0 0 0 0 0 0 0 0 0 0 0 0 0 0 0 0 0 0 0 0 0 0 0 0 0 0 0 0 0 0 0 0 0 0 0 0 0 0 0 0 0 0 0 0 0 0 0 0 0 0 0 0 0 0 0 0 0 0 0 0 0 0 0 0 0 0 0 0 0 0 0 0 0 0 0 0 0 0 0 0 0 0 0 0 0 0 0 0 0 0 0 0 0 0 0 0 0 0 0 0 0 0 0 0 0 0 0 0 0 0 0 0 0 0 0 0 0 0 0 0 0 0 0 0 0 0 0 0 0 0 0 0 0 0 0 0 0 0 0 0 0 0 0 0 0 0 0 0 0 0 0 0 0 0 0
 419 428 406 441 445 440 438 463 410 484 421 437 407 476 442 433 492 469 446 460 486 403 412 435 459 439 413 436 482 462 431 41 427 414 455 3 473 452 481 465 497 450 2 453 464 454 424 43 415 493 479 495 15 496 456 36 40 49 26 8 14 34 4 173 44 32 24 18 155 38 45 150 174 5 42 12 199 177 181 157 165 7 151 158 160 192 46 50 189 183 57 152 176 97 197 154 99 35 161 73 166 185 195 95 87 168 80 61 98 84 63 82 53 58 78 85 94 182 96 68 92 90 89 60 83 0 0 0 0 0 0 0 0 0 0 0 0 0 0 0 0 0 0 0 0 0 0 0 0 0 0 0 0 0 0 0 0 0 0 0 0 0 0 0 0 0 0 0 0 0 0 0 0 0 0 0 0 0 0 0 0 0 0 0 0 0 0 0 0 0 0 0 0 0 0 0 0 0 0 0 0 0 0 0 0 0 0 0 0 0 0 0 0 0 0 0 0 0 0 0 0 0 0 0 0 0 0 0 0 0 0 0 0 0 0 0 0 0 0 0 0 0 0 0 0 0 0 0 0 0 0 0 0 0 0 0 0 0 0 0 0 0 0 0 0 0 0 0 0 0 0 0 0 0 0 0 0 0 0 0 0 0 0 0 0 0 0 0 0 0 0 0 0 0 0 0 0 0 0 0 0 0 0 0 0 0 0 0 0 0 0 0 0 0 0 0 0 0 0 0 0 0 0 0 0 0 0 0 0 0 0 0 0 0 0 0 0 0 0 0 0 0 0 0 0 0 0 0 0 0 0 0 0 0 0 0 0 0 0 0 0 0 0 0 0 0 0 0 0 0 0 0 0 0 0 0 0 0 0 0 0 0 0 0 0 0 0 0 0 0 0 0 0 0 0 0 0 0 0 0 0 0 0 0 0 0 0 0 0 0 0 0 0 0 0 0 0 0 0 0 0 0 0 0 0 0 0 0 0 0 0 0 0 0 0 0 0 0 0 0 0 0 0 0 0 0 0 0 0 0 0 0 0 0 0 0 0 0 0 0 0 0 0 0 0 0 0 0 0 0 0 0 0 0 0 0 0 0 0 0 0 0 0 0 0 0 0 0 0 0 0 0 0 0 0 0 0 0 0 0
 241 250 246 220 226 213 215 245 201 234 236 223 232 224 243 229 230 287 214 205 255 202 233 265 256 247 273 279 257 294 277 289 208 296 221 227 295 282 204 298 297 260 272 26 28 263 253 40 16 283 15 269 3 31 288 46 12 258 278 32 11 47 38 37 25 34 4 33 13 30 45 96 49 65 70 6 91 39 75 71 77 53 64 78 87 74 55 99 63 304 79 61 303 8 59 325 333 93 346 76 51 83 95 332 50 336 309 319 337 322 343 310 302 342 98 323 348 316 311 315 338 300 313 335 301 0 0 0 0 0 0 0 0 0 0 0 0 0 0 0 0 0 0 0 0 0 0 0 0 0 0 0 0 0 0 0 0 0 0 0 0 0 0 0 0 0 0 0 0 0 0 0 0 0 0 0 0 0 0 0 0 0 0 0 0 0 0 0 0 0 0 0 0 0 0 0 0 0 0 0 0 0 0 0 0 0 0 0 0 0 0 0 0 0 0 0 0 0 0 0 0 0 0 0 0 0 0 0 0 0 0 0 0 0 0 0 0 0 0 0 0 0 0 0 0 0 0 0 0 0 0 0 0 0 0 0 0 0 0 0 0 0 0 0 0 0 0 0 0 0 0 0 0 0 0 0 0 0 0 0 0 0 0 0 0 0 0 0 0 0 0 0 0 0 0 0 0 0 0 0 0 0 0 0 0 0 0 0 0 0 0 0 0 0 0 0 0 0 0 0 0 0 0 0 0 0 0 0 0 0 0 0 0 0 0 0 0 0 0 0 0 0 0 0 0 0 0 0 0 0 0 0 0 0 0 0 0 0 0 0 0 0 0 0 0 0 0 0 0 0 0 0 0 0 0 0 0 0 0 0 0 0 0 0 0 0 0 0 0 0 0 0 0 0 0 0 0 0 0 0 0 0 0 0 0 0 0 0 0 0 0 0 0 0 0 0 0 0 0 0 0 0 0 0 0 0 0 0 0 0 0 0 0 0 0 0 0 0 0 0 0 0 0 0 0 0 0 0 0 0 0 0 0 0 0 0 0 0 0 0 0 0 0 0 0 0 0 0 0 0 0 0 0 0 0 0 0 0 0 0 0 0 0 0 0 0 0 0 0 0 0 0 0 0 0 0 0 0 0 0
 343 308 344 317 303 334 311 326 318 339 309 340 323 437 346 320 404 337 411 322 330 341 332 407 446 431 408 328 304 406 327 410 403 425 402 440 417 345 439 420 433 422 427 429 414 310 405 127 145 126 423 121 412 149 400 138 122 118 146 105 125 148 134 106 103 119 102 101 112 135 183 177 181 136 470 187 184 123 142 190 147 163 196 117 172 171 189 170 175 188 185 167 192 458 475 160 457 450 159 198 178 477 467 158 155 489 154 493 479 480 496 469 485 150 460 491 497 490 498 454 487 455 499 452 459 0 0 0 0 0 0 0 0 0 0 0 0 0 0 0 0 0 0 0 0 0 0 0 0 0 0 0 0 0 0 0 0 0 0 0 0 0 0 0 0 0 0 0 0 0 0 0 0 0 0 0 0 0 0 0 0 0 0 0 0 0 0 0 0 0 0 0 0 0 0 0 0 0 0 0 0 0 0 0 0 0 0 0 0 0 0 0 0 0 0 0 0 0 0 0 0 0 0 0 0 0 0 0 0 0 0 0 0 0 0 0 0 0 0 0 0 0 0 0 0 0 0 0 0 0 0 0 0 0 0 0 0 0 0 0 0 0 0 0 0 0 0 0 0 0 0 0 0 0 0 0 0 0 0 0 0 0 0 0 0 0 0 0 0 0 0 0 0 0 0 0 0 0 0 0 0 0 0 0 0 0 0 0 0 0 0 0 0 0 0 0 0 0 0 0 0 0 0 0 0 0 0 0 0 0 0 0 0 0 0 0 0 0 0 0 0 0 0 0 0 0 0 0 0 0 0 0 0 0 0 0 0 0 0 0 0 0 0 0 0 0 0 0 0 0 0 0 0 0 0 0 0 0 0 0 0 0 0 0 0 0 0 0 0 0 0 0 0 0 0 0 0 0 0 0 0 0 0 0 0 0 0 0 0 0 0 0 0 0 0 0 0 0 0 0 0 0 0 0 0 0 0 0 0 0 0 0 0 0 0 0 0 0 0 0 0 0 0 0 0 0 0 0 0 0 0 0 0 0 0 0 0 0 0 0 0 0 0 0 0 0 0 0 0 0 0 0 0 0 0 0 0 0 0 0 0 0 0 0 0 0 0 0 0 0 0 0 0 0 0 0 0 0 0 0
 177 189 170 199 169 157 186 152 162 192 191 163 171 167 233 178 193 172 159 197 151 160 204 208 209 247 185 155 249 229 220 195 235 206 158 201 244 248 246 234 231 214 225 239 215 202 230 245 28 238 35 241 37 38 9 31 468 32 33 45 499 491 47 24 471 2 493 17 18 25 7 36 39 492 20 40 497 467 19 473 34 6 470 3 460 494 11 469 474 465 487 459 486 461 453 309 452 334 472 301 488 489 455 323 300 320 329 313 308 307 344 322 337 306 336 346 310 324 342 343 314 302 315 349 312 0 0 0 0 0 0 0 0 0 0 0 0 0 0 0 0 0 0 0 0 0 0 0 0 0 0 0 0 0 0 0 0 0 0 0 0 0 0 0 0 0 0 0 0 0 0 0 0 0 0 0 0 0 0 0 0 0 0 0 0 0 0 0 0 0 0 0 0 0 0 0 0 0 0 0 0 0 0 0 0 0 0 0 0 0 0 0 0 0 0 0 0 0 0 0 0 0 0 0 0 0 0 0 0 0 0 0 0 0 0 0 0 0 0 0 0 0 0 0 0 0 0 0 0 0 0 0 0 0 0 0 0 0 0 0 0 0 0 0 0 0 0 0 0 0 0 0 0 0 0 0 0 0 0 0 0 0 0 0 0 0 0 0 0 0 0 0 0 0 0 0 0 0 0 0 0 0 0 0 0 0 0 0 0 0 0 0 0 0 0 0 0 0 0 0 0 0 0 0 0 0 0 0 0 0 0 0 0 0 0 0 0 0 0 0 0 0 0 0 0 0 0 0 0 0 0 0 0 0 0 0 0 0 0 0 0 0 0 0 0 0 0 0 0 0 0 0 0 0 0 0 0 0 0 0 0 0 0 0 0 0 0 0 0 0 0 0 0 0 0 0 0 0 0 0 0 0 0 0 0 0 0 0 0 0 0 0 0 0 0 0 0 0 0 0 0 0 0 0 0 0 0 0 0 0 0 0 0 0 0 0 0 0 0 0 0 0 0 0 0 0 0 0 0 0 0 0 0 0 0 0 0 0 0 0 0 0 0 0 0 0 0 0 0 0 0 0 0 0 0 0 0 0 0 0 0 0 0 0 0 0 0 0 0 0 0 0 0 0 0 0 0 0 0 0
 271 274 268 272 286 299 288 273 250 279 282 254 283 280 281 257 263 265 276 407 424 269 284 292 259 439 402 434 277 435 252 428 421 420 449 414 427 446 172 447 433 156 415 179 405 400 404 426 417 401 419 416 165 191 340 448 177 183 194 162 167 182 188 346 181 174 157 349 186 171 178 333 189 152 160 303 339 158 312 302 154 184 331 325 315 322 330 25 13 198 345 335 305 308 348 327 323 4 334 343 318 320 29 36 43 31 329 44 0 35 16 21 40 14 7 10 8 42 46 34 32 49 11 28 23 0 0 0 0 0 0 0 0 0 0 0 0 0 0 0 0 0 0 0 0 0 0 0 0 0 0 0 0 0 0 0 0 0 0 0 0 0 0 0 0 0 0 0 0 0 0 0 0 0 0 0 0 0 0 0 0 0 0 0 0 0 0 0 0 0 0 0 0 0 0 0 0 0 0 0 0 0 0 0 0 0 0 0 0 0 0 0 0 0 0 0 0 0 0 0 0 0 0 0 0 0 0 0 0 0 0 0 0 0 0 0 0 0 0 0 0 0 0 0 0 0 0 0 0 0 0 0 0 0 0 0 0 0 0 0 0 0 0 0 0 0 0 0 0 0 0 0 0 0 0 0 0 0 0 0 0 0 0 0 0 0 0 0 0 0 0 0 0 0 0 0 0 0 0 0 0 0 0 0 0 0 0 0 0 0 0 0 0 0 0 0 0 0 0 0 0 0 0 0 0 0 0 0 0 0 0 0 0 0 0 0 0 0 0 0 0 0 0 0 0 0 0 0 0 0 0 0 0 0 0 0 0 0 0 0 0 0 0 0 0 0 0 0 0 0 0 0 0 0 0 0 0 0 0 0 0 0 0 0 0 0 0 0 0 0 0 0 0 0 0 0 0 0 0 0 0 0 0 0 0 0 0 0 0 0 0 0 0 0 0 0 0 0 0 0 0 0 0 0 0 0 0 0 0 0 0 0 0 0 0 0 0 0 0 0 0 0 0 0 0 0 0 0 0 0 0 0 0 0 0 0 0 0 0 0 0 0 0 0 0 0 0 0 0 0 0 0 0 0 0 0 0 0 0 0 0 0 0 0 0 0 0 0 0 0 0 0 0 0 0 0 0 0 0 0
 130 118 140 147 134 149 115 108 131 106 150 148 110 103 184 179 139 123 137 126 117 163 124 152 159 138 143 160 186 194 161 112 121 185 129 158 154 192 162 164 156 170 182 141 257 174 153 178 295 172 286 188 277 287 261 282 283 281 265 267 271 253 291 290 293 256 263 250 204 173 279 247 289 280 212 223 248 226 209 239 237 278 375 241 246 245 266 208 351 234 233 205 227 381 389 222 207 298 206 203 236 238 361 211 387 379 367 396 240 393 355 398 394 378 376 366 362 399 357 385 350 392 390 365 370 0 0 0 0 0 0 0 0 0 0 0 0 0 0 0 0 0 0 0 0 0 0 0 0 0 0 0 0 0 0 0 0 0 0 0 0 0 0 0 0 0 0 0 0 0 0 0 0 0 0 0 0 0 0 0 0 0 0 0 0 0 0 0 0 0 0 0 0 0 0 0 0 0 0 0 0 0 0 0 0 0 0 0 0 0 0 0 0 0 0 0 0 0 0 0 0 0 0 0 0 0 0 0 0 0 0 0 0 0 0 0 0 0 0 0 0 0 0 0 0 0 0 0 0 0 0 0 0 0 0 0 0 0 0 0 0 0 0 0 0 0 0 0 0 0 0 0 0 0 0 0 0 0 0 0 0 0 0 0 0 0 0 0 0 0 0 0 0 0 0 0 0 0 0 0 0 0 0 0 0 0 0 0 0 0 0 0 0 0 0 0 0 0 0 0 0 0 0 0 0 0 0 0 0 0 0 0 0 0 0 0 0 0 0 0 0 0 0 0 0 0 0 0 0 0 0 0 0 0 0 0 0 0 0 0 0 0 0 0 0 0 0 0 0 0 0 0 0 0 0 0 0 0 0 0 0 0 0 0 0 0 0 0 0 0 0 0 0 0 0 0 0 0 0 0 0 0 0 0 0 0 0 0 0 0 0 0 0 0 0 0 0 0 0 0 0 0 0 0 0 0 0 0 0 0 0 0 0 0 0 0 0 0 0 0 0 0 0 0 0 0 0 0 0 0 0 0 0 0 0 0 0 0 0 0 0 0 0 0 0 0 0 0 0 0 0 0 0 0 0 0 0 0 0 0 0 0 0 0 0 0 0 0 0 0 0 0 0 0 0 0 0 0 0 0
 330 317 338 312 301 333 342 343 319 341 303 327 403 302 444 432 401 306 316 309 346 328 311 332 402 435 159 449 334 326 335 310 322 446 428 411 433 182 429 447 157 423 424 421 404 406 409 413 183 179 174 199 191 445 436 400 408 173 152 188 89 417 177 190 181 194 154 84 195 161 151 59 187 168 163 158 166 53 60 128 62 50 98 164 80 77 131 143 93 127 148 96 78 51 57 103 113 67 133 70 83 149 65 92 97 146 141 106 72 139 64 74 138 125 81 147 108 132 140 100 104 118 142 102 144 0 0 0 0 0 0 0 0 0 0 0 0 0 0 0 0 0 0 0 0 0 0 0 0 0 0 0 0 0 0 0 0 0 0 0 0 0 0 0 0 0 0 0 0 0 0 0 0 0 0 0 0 0 0 0 0 0 0 0 0 0 0 0 0 0 0 0 0 0 0 0 0 0 0 0 0 0 0 0 0 0 0 0 0 0 0 0 0 0 0 0 0 0 0 0 0 0 0 0 0 0 0 0 0 0 0 0 0 0 0 0 0 0 0 0 0 0 0 0 0 0 0 0 0 0 0 0 0 0 0 0 0 0 0 0 0 0 0 0 0 0 0 0 0 0 0 0 0 0 0 0 0 0 0 0 0 0 0 0 0 0 0 0 0 0 0 0 0 0 0 0 0 0 0 0 0 0 0 0 0 0 0 0 0 0 0 0 0 0 0 0 0 0 0 0 0 0 0 0 0 0 0 0 0 0 0 0 0 0 0 0 0 0 0 0 0 0 0 0 0 0 0 0 0 0 0 0 0 0 0 0 0 0 0 0 0 0 0 0 0 0 0 0 0 0 0 0 0 0 0 0 0 0 0 0 0 0 0 0 0 0 0 0 0 0 0 0 0 0 0 0 0 0 0 0 0 0 0 0 0 0 0 0 0 0 0 0 0 0 0 0 0 0 0 0 0 0 0 0 0 0 0 0 0 0 0 0 0 0 0 0 0 0 0 0 0 0 0 0 0 0 0 0 0 0 0 0 0 0 0 0 0 0 0 0 0 0 0 0 0 0 0 0 0 0 0 0 0 0 0 0 0 0 0 0 0 0 0 0 0 0 0 0 0 0 0 0 0 0 0 0 0 0 0 0
 123 101 108 135 129 144 106 149 122 126 105 317 338 104 343 147 136 143 142 128 118 110 314 327 116 112 342 349 107 300 139 306 305 335 326 137 133 325 307 337 391 310 353 304 357 355 313 354 340 397 199 371 312 192 345 336 189 366 308 381 378 360 316 396 370 394 332 386 375 363 399 390 393 161 376 167 169 70 356 154 350 163 369 164 176 175 187 87 198 58 170 172 174 195 71 77 398 185 73 160 65 183 156 88 92 181 93 180 64 82 74 177 56 50 80 59 98 90 85 173 89 66 52 95 75 0 0 0 0 0 0 0 0 0 0 0 0 0 0 0 0 0 0 0 0 0 0 0 0 0 0 0 0 0 0 0 0 0 0 0 0 0 0 0 0 0 0 0 0 0 0 0 0 0 0 0 0 0 0 0 0 0 0 0 0 0 0 0 0 0 0 0 0 0 0 0 0 0 0 0 0 0 0 0 0 0 0 0 0 0 0 0 0 0 0 0 0 0 0 0 0 0 0 0 0 0 0 0 0 0 0 0 0 0 0 0 0 0 0 0 0 0 0 0 0 0 0 0 0 0 0 0 0 0 0 0 0 0 0 0 0 0 0 0 0 0 0 0 0 0 0 0 0 0 0 0 0 0 0 0 0 0 0 0 0 0 0 0 0 0 0 0 0 0 0 0 0 0 0 0 0 0 0 0 0 0 0 0 0 0 0 0 0 0 0 0 0 0 0 0 0 0 0 0 0 0 0 0 0 0 0 0 0 0 0 0 0 0 0 0 0 0 0 0 0 0 0 0 0 0 0 0 0 0 0 0 0 0 0 0 0 0 0 0 0 0 0 0 0 0 0 0 0 0 0 0 0 0 0 0 0 0 0 0 0 0 0 0 0 0 0 0 0 0 0 0 0 0 0 0 0 0 0 0 0 0 0 0 0 0 0 0 0 0 0 0 0 0 0 0 0 0 0 0 0 0 0 0 0 0 0 0 0 0 0 0 0 0 0 0 0 0 0 0 0 0 0 0 0 0 0 0 0 0 0 0 0 0 0 0 0 0 0 0 0 0 0 0 0 0 0 0 0 0 0 0 0 0 0 0 0 0 0 0 0 0 0 0 0 0 0 0 0 0 0 0 0 0 0 0
 365 371 355 380 358 370 390 368 357 391 381 354 395 402 397 363 375 398 408 401 373 335 447 353 362 356 421 384 415 433 441 440 425 351 414 394 369 313 420 448 407 435 444 422 434 438 319 303 424 339 417 328 304 406 333 309 429 311 316 314 340 431 154 403 330 156 329 321 150 323 345 189 318 193 300 322 159 346 183 344 179 306 349 184 186 101 185 158 104 162 198 195 180 176 138 171 157 165 160 163 105 125 115 112 100 130 187 143 131 147 126 142 106 194 123 141 120 121 181 103 110 146 109 145 118 0 0 0 0 0 0 0 0 0 0 0 0 0 0 0 0 0 0 0 0 0 0 0 0 0 0 0 0 0 0 0 0 0 0 0 0 0 0 0 0 0 0 0 0 0 0 0 0 0 0 0 0 0 0 0 0 0 0 0 0 0 0 0 0 0 0 0 0 0 0 0 0 0 0 0 0 0 0 0 0 0 0 0 0 0 0 0 0 0 0 0 0 0 0 0 0 0 0 0 0 0 0 0 0 0 0 0 0 0 0 0 0 0 0 0 0 0 0 0 0 0 0 0 0 0 0 0 0 0 0 0 0 0 0 0 0 0 0 0 0 0 0 0 0 0 0 0 0 0 0 0 0 0 0 0 0 0 0 0 0 0 0 0 0 0 0 0 0 0 0 0 0 0 0 0 0 0 0 0 0 0 0 0 0 0 0 0 0 0 0 0 0 0 0 0 0 0 0 0 0 0 0 0 0 0 0 0 0 0 0 0 0 0 0 0 0 0 0 0 0 0 0 0 0 0 0 0 0 0 0 0 0 0 0 0 0 0 0 0 0 0 0 0 0 0 0 0 0 0 0 0 0 0 0 0 0 0 0 0 0 0 0 0 0 0 0 0 0 0 0 0 0 0 0 0 0 0 0 0 0 0 0 0 0 0 0 0 0 0 0 0 0 0 0 0 0 0 0 0 0 0 0 0 0 0 0 0 0 0 0 0 0 0 0 0 0 0 0 0 0 0 0 0 0 0 0 0 0 0 0 0 0 0 0 0 0 0 0 0 0 0 0 0 0 0 0 0 0 0 0 0 0 0 0 0 0 0 0 0 0 0 0 0 0 0 0 0 0 0 0 0 0 0 0 0
 186 171 164 156 185 153 191 144 160 195 167 107 137 168 178 166 198 158 154 173 199 150 155 102 172 189 116 157 174 114 119 115 148 111 474 165 130 112 138 485 484 105 121 135 123 122 139 104 136 488 132 454 472 471 457 482 480 126 141 461 499 487 481 459 455 257 456 494 475 268 466 129 287 299 476 492 450 254 477 491 255 288 293 262 276 277 289 279 264 269 258 265 283 386 284 275 291 383 266 367 297 392 286 384 397 389 352 357 380 376 360 363 355 278 354 370 372 356 359 364 358 375 382 390 378 0 0 0 0 0 0 0 0 0 0 0 0 0 0 0 0 0 0 0 0 0 0 0 0 0 0 0 0 0 0 0 0 0 0 0 0 0 0 0 0 0 0 0 0 0 0 0 0 0 0 0 0 0 0 0 0 0 0 0 0 0 0 0 0 0 0 0 0 0 0 0 0 0 0 0 0 0 0 0 0 0 0 0 0 0 0 0 0 0 0 0 0 0 0 0 0 0 0 0 0 0 0 0 0 0 0 0 0 0 0 0 0 0 0 0 0 0 0 0 0 0 0 0 0 0 0 0 0 0 0 0 0 0 0 0 0 0 0 0 0 0 0 0 0 0 0 0 0 0 0 0 0 0 0 0 0 0 0 0 0 0 0 0 0 0 0 0 0 0 0 0 0 0 0 0 0 0 0 0 0 0 0 0 0 0 0 0 0 0 0 0 0 0 0 0 0 0 0 0 0 0 0 0 0 0 0 0 0 0 0 0 0 0 0 0 0 0 0 0 0 0 0 0 0 0 0 0 0 0 0 0 0 0 0 0 0 0 0 0 0 0 0 0 0 0 0 0 0 0 0 0 0 0 0 0 0 0 0 0 0 0 0 0 0 0 0 0 0 0 0 0 0 0 0 0 0 0 0 0 0 0 0 0 0 0 0 0 0 0 0 0 0 0 0 0 0 0 0 0 0 0 0 0 0 0 0 0 0 0 0 0 0 0 0 0 0 0 0 0 0 0 0 0 0 0 0 0 0 0 0 0 0 0 0 0 0 0 0 0 0 0 0 0 0 0 0 0 0 0 0 0 0 0 0 0 0 0 0 0 0 0 0 0 0 0 0 0 0 0 0 0 0 0 0 0
 214 245 203 235 227 219 246 228 233 211 216 59 237 222 248 200 224 76 236 206 230 86 207 70 215 229 210 79 240 84 93 94 75 83 67 80 239 60 96 88 82 87 72 53 58 62 306 334 309 313 342 328 333 332 54 69 56 319 92 322 320 346 303 107 317 339 115 117 335 113 314 338 301 331 135 315 318 123 145 148 122 124 128 136 102 141 134 310 100 127 108 130 324 481 105 112 471 125 142 477 104 493 482 137 453 496 451 487 343 491 499 470 492 475 465 455 450 454 478 498 476 469 497 473 480 0 0 0 0 0 0 0 0 0 0 0 0 0 0 0 0 0 0 0 0 0 0 0 0 0 0 0 0 0 0 0 0 0 0 0 0 0 0 0 0 0 0 0 0 0 0 0 0 0 0 0 0 0 0 0 0 0 0 0 0 0 0 0 0 0 0 0 0 0 0 0 0 0 0 0 0 0 0 0 0 0 0 0 0 0 0 0 0 0 0 0 0 0 0 0 0 0 0 0 0 0 0 0 0 0 0 0 0 0 0 0 0 0 0 0 0 0 0 0 0 0 0 0 0 0 0 0 0 0 0 0 0 0 0 0 0 0 0 0 0 0 0 0 0 0 0 0 0 0 0 0 0 0 0 0 0 0 0 0 0 0 0 0 0 0 0 0 0 0 0 0 0 0 0 0 0 0 0 0 0 0 0 0 0 0 0 0 0 0 0 0 0 0 0 0 0 0 0 0 0 0 0 0 0 0 0 0 0 0 0 0 0 0 0 0 0 0 0 0 0 0 0 0 0 0 0 0 0 0 0 0 0 0 0 0 0 0 0 0 0 0 0 0 0 0 0 0 0 0 0 0 0 0 0 0 0 0 0 0 0 0 0 0 0 0 0 0 0 0 0 0 0 0 0 0 0 0 0 0 0 0 0 0 0 0 0 0 0 0 0 0 0 0 0 0 0 0 0 0 0 0 0 0 0 0 0 0 0 0 0 0 0 0 0 0 0 0 0 0 0 0 0 0 0 0 0 0 0 0 0 0 0 0 0 0 0 0 0 0 0 0 0 0 0 0 0 0 0 0 0 0 0 0 0 0 0 0 0 0 0 0 0 0 0 0 0 0 0 0 0 0 0 0 0 0
 449 404 431 410 406 409 423 434 417 437 438 446 436 430 167 425 186 400 427 424 174 190 177 447 198 183 421 171 428 298 414 178 439 195 151 181 173 176 157 285 199 184 155 182 168 405 282 426 185 192 290 275 193 271 273 299 255 170 262 266 284 256 297 265 172 119 251 277 272 286 291 257 108 274 104 113 254 125 141 143 133 136 102 132 258 288 134 142 101 123 145 140 148 332 308 345 103 106 339 316 120 306 303 347 302 131 334 326 121 311 139 335 342 127 309 321 323 340 329 341 348 327 338 344 313 0 0 0 0 0 0 0 0 0 0 0 0 0 0 0 0 0 0 0 0 0 0 0 0 0 0 0 0 0 0 0 0 0 0 0 0 0 0 0 0 0 0 0 0 0 0 0 0 0 0 0 0 0 0 0 0 0 0 0 0 0 0 0 0 0 0 0 0 0 0 0 0 0 0 0 0 0 0 0 0 0 0 0 0 0 0 0 0 0 0 0 0 0 0 0 0 0 0 0 0 0 0 0 0 0 0 0 0 0 0 0 0 0 0 0 0 0 0 0 0 0 0 0 0 0 0 0 0 0 0 0 0 0 0 0 0 0 0 0 0 0 0 0 0 0 0 0 0 0 0 0 0 0 0 0 0 0 0 0 0 0 0 0 0 0 0 0 0 0 0 0 0 0 0 0 0 0 0 0 0 0 0 0 0 0 0 0 0 0 0 0 0 0 0 0 0 0 0 0 0 0 0 0 0 0 0 0 0 0 0 0 0 0 0 0 0 0 0 0 0 0 0 0 0 0 0 0 0 0 0 0 0 0 0 0 0 0 0 0 0 0 0 0 0 0 0 0 0 0 0 0 0 0 0 0 0 0 0 0 0 0 0 0 0 0 0 0 0 0 0 0 0 0 0 0 0 0 0 0 0 0 0 0 0 0 0 0 0 0 0 0 0 0 0 0 0 0 0 0 0 0 0 0 0 0 0 0 0 0 0 0 0 0 0 0 0 0 0 0 0 0 0 0 0 0 0 0 0 0 0 0 0 0 0 0 0 0 0 0 0 0 0 0 0 0 0 0 0 0 0 0 0 0 0 0 0 0 0 0 0 0 0 0 0 0 0 0 0 0 0 0 0 0 0 0
 134 148 111 125 115 127 121 143 131 141 145 112 123 140 133 129 146 109 427 448 105 413 449 119 117 447 137 440 443 122 439 428 401 434 126 414 405 444 407 441 433 424 149 436 430 451 480 454 423 469 486 471 421 411 457 468 487 474 431 496 485 477 494 493 453 465 416 463 97 483 51 92 269 84 82 78 488 462 490 91 88 86 499 458 90 58 72 71 55 77 70 481 75 95 59 67 54 73 292 96 280 250 89 297 50 298 286 257 278 285 287 283 264 293 253 282 271 267 260 254 276 262 277 265 291 0 0 0 0 0 0 0 0 0 0 0 0 0 0 0 0 0 0 0 0 0 0 0 0 0 0 0 0 0 0 0 0 0 0 0 0 0 0 0 0 0 0 0 0 0 0 0 0 0 0 0 0 0 0 0 0 0 0 0 0 0 0 0 0 0 0 0 0 0 0 0 0 0 0 0 0 0 0 0 0 0 0 0 0 0 0 0 0 0 0 0 0 0 0 0 0 0 0 0 0 0 0 0 0 0 0 0 0 0 0 0 0 0 0 0 0 0 0 0 0 0 0 0 0 0 0 0 0 0 0 0 0 0 0 0 0 0 0 0 0 0 0 0 0 0 0 0 0 0 0 0 0 0 0 0 0 0 0 0 0 0 0 0 0 0 0 0 0 0 0 0 0 0 0 0 0 0 0 0 0 0 0 0 0 0 0 0 0 0 0 0 0 0 0 0 0 0 0 0 0 0 0 0 0 0 0 0 0 0 0 0 0 0 0 0 0 0 0 0 0 0 0 0 0 0 0 0 0 0 0 0 0 0 0 0 0 0 0 0 0 0 0 0 0 0 0 0 0 0 0 0 0 0 0 0 0 0 0 0 0 0 0 0 0 0 0 0 0 0 0 0 0 0 0 0 0 0 0 0 0 0 0 0 0 0 0 0 0 0 0 0 0 0 0 0 0 0 0 0 0 0 0 0 0 0 0 0 0 0 0 0 0 0 0 0 0 0 0 0 0 0 0 0 0 0 0 0 0 0 0 0 0 0 0 0 0 0 0 0 0 0 0 0 0 0 0 0 0 0 0 0 0 0 0 0 0 0 0 0 0 0 0 0 0 0 0 0 0 0 0 0 0 0 0 0
 47 28 37 15 7 9 29 471 14 10 45 32 3 24 4 44 39 466 2 26 491 22 18 25 455 21 465 488 484 495 27 229 33 497 16 478 496 486 453 499 487 473 490 485 245 451 470 463 214 482 479 209 460 234 242 243 240 218 224 216 438 454 239 445 228 440 408 235 210 407 417 246 213 419 212 206 222 247 446 443 435 416 241 406 415 400 232 448 447 237 421 233 434 401 432 422 351 424 430 392 364 399 374 387 428 373 429 390 379 353 359 375 397 378 355 368 384 385 395 350 372 380 352 371 356 0 0 0 0 0 0 0 0 0 0 0 0 0 0 0 0 0 0 0 0 0 0 0 0 0 0 0 0 0 0 0 0 0 0 0 0 0 0 0 0 0 0 0 0 0 0 0 0 0 0 0 0 0 0 0 0 0 0 0 0 0 0 0 0 0 0 0 0 0 0 0 0 0 0 0 0 0 0 0 0 0 0 0 0 0 0 0 0 0 0 0 0 0 0 0 0 0 0 0 0 0 0 0 0 0 0 0 0 0 0 0 0 0 0 0 0 0 0 0 0 0 0 0 0 0 0 0 0 0 0 0 0 0 0 0 0 0 0 0 0 0 0 0 0 0 0 0 0 0 0 0 0 0 0 0 0 0 0 0 0 0 0 0 0 0 0 0 0 0 0 0 0 0 0 0 0 0 0 0 0 0 0 0 0 0 0 0 0 0 0 0 0 0 0 0 0 0 0 0 0 0 0 0 0 0 0 0 0 0 0 0 0 0 0 0 0 0 0 0 0 0 0 0 0 0 0 0 0 0 0 0 0 0 0 0 0 0 0 0 0 0 0 0 0 0 0 0 0 0 0 0 0 0 0 0 0 0 0 0 0 0 0 0 0 0 0 0 0 0 0 0 0 0 0 0 0 0 0 0 0 0 0 0 0 0 0 0 0 0 0 0 0 0 0 0 0 0 0 0 0 0 0 0 0 0 0 0 0 0 0 0 0 0 0 0 0 0 0 0 0 0 0 0 0 0 0 0 0 0 0 0 0 0 0 0 0 0 0 0 0 0 0 0 0 0 0 0 0 0 0 0 0 0 0 0 0 0 0 0 0 0 0 0 0 0 0 0 0 0 0 0 0 0 0 0
 37 36 2 24 49 42 0 25 32 18 29 44 1 4 325 26 324 47 20 333 21 345 300 13 328 338 8 346 33 344 15 43 38 348 331 314 339 330 22 326 114 337 310 108 319 315 301 113 340 125 342 101 302 109 132 145 137 308 311 121 127 106 386 141 131 143 382 134 147 124 110 138 122 133 375 389 369 372 364 107 363 352 359 391 128 120 397 209 393 204 358 227 374 221 351 360 213 377 214 392 222 371 215 356 230 378 219 212 224 237 249 390 229 236 240 395 220 223 350 206 201 226 245 217 216 0 0 0 0 0 0 0 0 0 0 0 0 0 0 0 0 0 0 0 0 0 0 0 0 0 0 0 0 0 0 0 0 0 0 0 0 0 0 0 0 0 0 0 0 0 0 0 0 0 0 0 0 0 0 0 0 0 0 0 0 0 0 0 0 0 0 0 0 0 0 0 0 0 0 0 0 0 0 0 0 0 0 0 0 0 0 0 0 0 0 0 0 0 0 0 0 0 0 0 0 0 0 0 0 0 0 0 0 0 0 0 0 0 0 0 0 0 0 0 0 0 0 0 0 0 0 0 0 0 0 0 0 0 0 0 0 0 0 0 0 0 0 0 0 0 0 0 0 0 0 0 0 0 0 0 0 0 0 0 0 0 0 0 0 0 0 0 0 0 0 0 0 0 0 0 0 0 0 0 0 0 0 0 0 0 0 0 0 0 0 0 0 0 0 0 0 0 0 0 0 0 0 0 0 0 0 0 0 0 0 0 0 0 0 0 0 0 0 0 0 0 0 0 0 0 0 0 0 0 0 0 0 0 0 0 0 0 0 0 0 0 0 0 0 0 0 0 0 0 0 0 0 0 0 0 0 0 0 0 0 0 0 0 0 0 0 0 0 0 0 0 0 0 0 0 0 0 0 0 0 0 0 0 0 0 0 0 0 0 0 0 0 0 0 0 0 0 0 0 0 0 0 0 0 0 0 0 0 0 0 0 0 0 0 0 0 0 0 0 0 0 0 0 0 0 0 0 0 0 0 0 0 0 0 0 0 0 0 0 0 0 0 0 0 0 0 0 0 0 0 0 0 0 0 0 0 0 0 0 0 0 0 0 0 0 0 0 0 0 0 0 0 0 0 0
 261 274 294 273 293 288 263 252 276 251 289 257 248 282 265 264 215 297 275 226 214 296 229 292 266 243 225 216 238 287 246 207 213 299 231 281 232 228 249 233 298 217 267 237 426 222 444 425 427 422 420 441 432 407 211 431 247 220 415 223 408 418 421 435 442 417 447 404 475 416 456 241 482 414 413 497 464 481 453 406 478 460 470 467 440 471 451 472 494 498 493 459 438 466 306 490 450 491 300 336 342 315 492 333 309 335 303 305 323 325 480 463 302 331 348 340 301 318 343 334 345 304 316 311 317 0 0 0 0 0 0 0 0 0 0 0 0 0 0 0 0 0 0 0 0 0 0 0 0 0 0 0 0 0 0 0 0 0 0 0 0 0 0 0 0 0 0 0 0 0 0 0 0 0 0 0 0 0 0 0 0 0 0 0 0 0 0 0 0 0 0 0 0 0 0 0 0 0 0 0 0 0 0 0 0 0 0 0 0 0 0 0 0 0 0 0 0 0 0 0 0 0 0 0 0 0 0 0 0 0 0 0 0 0 0 0 0 0 0 0 0 0 0 0 0 0 0 0 0 0 0 0 0 0 0 0 0 0 0 0 0 0 0 0 0 0 0 0 0 0 0 0 0 0 0 0 0 0 0 0 0 0 0 0 0 0 0 0 0 0 0 0 0 0 0 0 0 0 0 0 0 0 0 0 0 0 0 0 0 0 0 0 0 0 0 0 0 0 0 0 0 0 0 0 0 0 0 0 0 0 0 0 0 0 0 0 0 0 0 0 0 0 0 0 0 0 0 0 0 0 0 0 0 0 0 0 0 0 0 0 0 0 0 0 0 0 0 0 0 0 0 0 0 0 0 0 0 0 0 0 0 0 0 0 0 0 0 0 0 0 0 0 0 0 0 0 0 0 0 0 0 0 0 0 0 0 0 0 0 0 0 0 0 0 0 0 0 0 0 0 0 0 0 0 0 0 0 0 0 0 0 0 0 0 0 0 0 0 0 0 0 0 0 0 0 0 0 0 0 0 0 0 0 0 0 0 0 0 0 0 0 0 0 0 0 0 0 0 0 0 0 0 0 0 0 0 0 0 0 0 0 0 0 0 0 0 0 0 0 0 0 0 0 0 0 0 0 0 0 0
 -1.05395 -0.650515 -0.123214 -0.0254471 0.0824746 0.235912 0.271905 0.355997 0.398434 0.485036 0.518593 0.677205 0.689683 0.76653 0.77194 0.807451 0.84113 0.88343 0.913092 0.970513 0.993265 1.01683 1.01917 1.03543 1.08054 1.14715 1.20705 1.32731 1.34867 1.39185 1.46601 1.58476 1.73921 1.74696 1.77403 1.83335 1.8444 1.85241 1.89772 1.91986 1.95943 1.97693 2.08709 2.15979 2.16304 2.16779 2.30434 2.35845 2.38366 2.39154 2.40048 2.41618 2.46569 2.58388 2.58604 2.64344 2.67834 2.7387 2.7921 2.80089 2.86343 2.95305 3.05639 3.10877 3.12073 3.13571 3.24017 3.26503 3.33091 3.36697 3.43431 3.58441 3.60904 3.64783 3.6675 3.86103 3.91356 3.94192 4.00265 4.03377 4.08255 4.132 4.15492 4.19345 4.27639 4.2871 4.31279 4.36147 4.39493 4.47328 4.56338 4.56523 4.59477 4.61442 4.63289 4.74473 4.98255 4.98492 5.02341 5.08922 5.17054 5.18164 5.24537 5.47047 5.49225 5.55135 5.58401 5.59688 5.60533 5.67577 5.68446 5.68829 5.7434 5.81856 5.82012 5.96411 6.06199 6.07377 6.10715 6.29311 6.29489 6.35047 6.46624 6.54275 6.58377 0 0 0 0 0 0 0 0 0 0 0 0 0 0 0 0 0 0 0 0 0 0 0 0 0 0 0 0 0 0 0 0 0 0 0 0 0 0 0 0 0 0 0 0 0 0 0 0 0 0 0 0 0 0 0 0 0 0 0 0 0 0 0 0 0 0 0 0 0 0 0 0 0 0 0 0 0 0 0 0 0 0 0 0 0 0 0 0 0 0 0 0 0 0 0 0 0 0 0 0 0 0 0 0 0 0 0 0 0 0 0 0 0 0 0 0 0 0 0 0 0 0 0 0 0 0 0 0 0 0 0 0 0 0 0 0 0 0 0 0 0 0 0 0 0 0 0 0 0 0 0 0 0 0 0 0 0 0 0 0 0 0 0 0 0 0 0 0 0 0 0 0 0 0 0 0 0 0 0 0 0 0 0 0 0 0 0 0 0 0 0 0 0 0 0 0 0 0 0 0 0 0 0 0 0 0 0 0 0 0 0 0 0 0 0 0 0 0 0 0 0 0 0 0 0 0 0 0 0 0 0 0 0 0 0 0 0 0 0 0 0 0 0 0 0 0 0 0 0 0 0 0 0 0 0 0 0 0 0 0 0 0 0 0 0 0 0 0 0 0 0 0 0 0 0 0 0 0 0 0 0 0 0 0 0 0 0 0 0 0 0 0 0 0 0 0 0 0 0 0 0 0 0 0 0 0 0 0 0 0 0 0 0 0 0 0 0 0 0 0 0 0 0 0 0 0 0 0 0 0 0 0 0 0 0 0 0 0 0 0 0 0 0 0 0 0 0 0 0 0 0 0 0 0 0 0 0 0 0 0 0 0 0 0 0 0 0 0 0 0 0 0 0 0 0
 -0.297298 -0.158426 -0.147959 0.0385844 0.255596 0.262757 0.348114 0.357584 0.572861 0.576987 0.64026 0.667269 0.784516 0.816565 0.816761 0.989694 1.01642 1.04443 1.1372 1.22342 1.22542 1.27212 1.29888 1.30671 1.32458 1.32489 1.34761 1.46867 1.48186 1.4832 1.49461 1.51828 1.61102 1.64759 1.68539 1.74885 1.769 1.77963 1.78126 1.80181 1.89236 1.90183 1.97096 1.99087 2.17027 2.18844 2.24891 2.29575 2.30249 2.33433 2.35882 2.38175 2.59005 2.6576 2.69626 2.75901 2.80325 2.84267 2.9503 2.97608 3.02541 3.03481 3.23907 3.23955 3.25241 3.27976 3.35922 3.39973 3.44365 3.48532 3.52812 3.62573 3.62629 3.76476 3.81226 3.87365 3.88284 3.8836 3.88625 3.88646 3.93207 3.96498 4.04932 4.11791 4.11923 4.12911 4.16932 4.25402 4.31304 4.41504 4.42093 4.43623 4.46235 4.61639 4.75183 4.81494 4.85979 4.92653 4.95109 5.01364 5.13943 5.15278 5.15399 5.29399 5.2943 5.34771 5.37131 5.39834 5.41642 5.6394 5.65495 5.67625 5.74895 5.77292 5.85037 5.9234 5.92695 6.05188 6.05747 6.44711 6.53916 6.76772 6.79454 6.82458 7.07057 0 0 0 0 0 0 0 0 0 0 0 0 0 0 0 0 0 0 0 0 0 0 0 0 0 0 0 0 0 0 0 0 0 0 0 0 0 0 0 0 0 0 0 0 0 0 0 0 0 0 0 0 0 0 0 0 0 0 0 0 0 0 0 0 0 0 0 0 0 0 0 0 0 0 0 0 0 0 0 0 0 0 0 0 0 0 0 0 0 0 0 0 0 0 0 0 0 0 0 0 0 0 0 0 0 0 0 0 0 0 0 0 0 0 0 0 0 0 0 0 0 0 0 0 0 0 0 0 0 0 0 0 0 0 0 0 0 0 0 0 0 0 0 0 0 0 0 0 0 0 0 0 0 0 0 0 0 0 0 0 0 0 0 0 0 0 0 0 0 0 0 0 0 0 0 0 0 0 0 0 0 0 0 0 0 0 0 0 0 0 0 0 0 0 0 0 0 0 0 0 0 0 0 0 0 0 0 0 0 0 0 0 0 0 0 0 0 0 0 0 0 0 0 0 0 0 0 0 0 0 0 0 0 0 0 0 0 0 0 0 0 0 0 0 0 0 0 0 0 0 0 0 0 0 0 0 0 0 0 0 0 0 0 0 0 0 0 0 0 0 0 0 0 0 0 0 0 0 0 0 0 0 0 0 0 0 0 0 0 0 0 0 0 0 0 0 0 0 0 0 0 0 0 0 0 0 0 0 0 0 0 0 0 0 0 0 0 0 0 0 0 0 0 0 0 0 0 0 0 0 0 0 0 0 0 0 0 0 0 0 0 0 0 0 0 0 0 0 0 0 0 0 0 0 0 0 0 0 0 0 0 0 0 0 0 0 0 0 0 0 0 0 0 0 0
 -1.01908 -0.693729 -0.608377 -0.263373 -0.0109242 0.0833208 0.320589 0.36138 0.367693 0.381673 0.411957 0.592737 0.632705 0.637788 0.689233 0.702791 0.731909 0.865866 0.906329 1.00045 1.05555 1.05801 1.13946 1.16018 1.26212 1.3349 1.38656 1.40802 1.45386 1.66892 1.72944 1.74632 1.74665 1.77205 1.79701 1.79724 1.81864 1.86756 1.94009 2.00933 2.06184 2.17208 2.2695 2.27733 2.28377 2.32359 2.32648 2.34206 2.35644 2.357 2.46208 2.48638 2.60325 2.62821 2.67377 2.6799 2.71451 2.72066 2.81037 2.85296 2.85946 2.94404 3.10108 3.15665 3.17498 3.41744 3.43424 3.44914 3.47209 3.50364 3.51473 3.54555 3.71715 3.72062 3.91677 3.93272 3.95848 3.99215 4.0594 4.07295 4.15411 4.17715 4.34706 4.40842 4.44782 4.50229 4.54939 4.60934 4.63865 4.6817 4.69287 4.71627 4.75704 4.83848 4.84709 4.87865 4.91417 4.98791 5.02005 5.06901 5.07646 5.09305 5.19391 5.21815 5.26688 5.31401 5.33314 5.38818 5.41694 5.45166 5.47002 5.4772 5.50851 5.716 5.77848 5.82203 5.89707 5.97405 6.20238 6.23291 6.26332 6.27918 6.36968 6.51585 6.65631 0 0 0 0 0 0 0 0 0 0 0 0 0 0 0 0 0 0 0 0 0 0 0 0 0 0 0 0 0 0 0 0 0 0 0 0 0 0 0 0 0 0 0 0 0 0 0 0 0 0 0 0 0 0 0 0 0 0 0 0 0 0 0 0 0 0 0 0 0 0 0 0 0 0 0 0 0 0 0 0 0 0 0 0 0 0 0 0 0 0 0 0 0 0 0 0 0 0 0 0 0 0 0 0 0 0 0 0 0 0 0 0 0 0 0 0 0 0 0 0 0 0 0 0 0 0 0 0 0 0 0 0 0 0 0 0 0 0 0 0 0 0 0 0 0 0 0 0 0 0 0 0 0 0 0 0 0 0 0 0 0 0 0 0 0 0 0 0 0 0 0 0 0 0 0 0 0 0 0 0 0 0 0 0 0 0 0 0 0 0 0 0 0 0 0 0 0 0 0 0 0 0 0 0 0 0 0 0 0 0 0 0 0 0 0 0 0 0 0 0 0 0 0 0 0 0 0 0 0 0 0 0 0 0 0 0 0 0 0 0 0 0 0 0 0 0 0 0 0 0 0 0 0 0 0 0 0 0 0 0 0 0 0 0 0 0 0 0 0 0 0 0 0 0 0 0 0 0 0 0 0 0 0 0 0 0 0 0 0 0 0 0 0 0 0 0 0 0 0 0 0 0 0 0 0 0 0 0 0 0 0 0 0 0 0 0 0 0 0 0 0 0 0 0 0 0 0 0 0 0 0 0 0 0 0 0 0 0 0 0 0 0 0 0 0 0 0 0 0 0 0 0 0 0 0 0 0 0 0 0 0 0 0 0 0 0 0 0 0 0 0 0 0 0 0
 -0.381954 -0.32179 -0.293653 -0.129511 -0.00782441 0.150684 0.335327 0.341065 0.367952 0.414832 0.442306 0.454557 0.593635 0.614435 0.712724 0.715439 0.743898 0.763129 0.896801 0.920463 0.950848 0.997905 1.2233 1.31902 1.35176 1.3671 1.37401 1.38874 1.40264 1.5015 1.51359 1.57115 1.57354 1.58023 1.60159 1.70328 1.72084 1.74421 1.80703 1.85466 1.85869 1.87863 1.92967 1.99345 2.031 2.10389 2.18443 2.23091 2.33064 2.44457 2.57267 2.57395 2.75354 2.82302 2.85501 2.93338 2.97969 2.99042 3.00115 3.01732 3.1226 3.12461 3.24819 3.434 3.45465 3.48961 3.55783 3.62857 3.63405 3.64516 3.65598 3.75013 3.85156 3.88282 3.88422 3.94466 3.98612 4.01789 4.03355 4.05439 4.09182 4.11437 4.14394 4.24693 4.25463 4.28163 4.32101 4.33686 4.41472 4.54417 4.62957 4.69073 4.71374 4.74183 4.78925 4.79545 4.81306 4.8286 4.85632 4.90044 4.91393 5.12705 5.12737 5.16745 5.21477 5.26491 5.36282 5.41622 5.49054 5.5843 5.62339 5.64151 5.68052 5.73988 5.79718 5.80618 5.80691 5.8895 6.0404 6.20544 6.33919 6.38041 6.49355 6.971 7.04737 0 0 0 0 0 0 0 0 0 0 0 0 0 0 0 0 0 0 0 0 0 0 0 0 0 0 0 0 0 0 0 0 0 0 0 0 0 0 0 0 0 0 0 0 0 0 0 0 0 0 0 0 0 0 0 0 0 0 0 0 0 0 0 0 0 0 0 0 0 0 0 0 0 0 0 0 0 0 0 0 0 0 0 0 0 0 0 0 0 0 0 0 0 0 0 0 0 0 0 0 0 0 0 0 0 0 0 0 0 0 0 0 0 0 0 0 0 0 0 0 0 0 0 0 0 0 0 0 0 0 0 0 0 0 0 0 0 0 0 0 0 0 0 0 0 0 0 0 0 0 0 0 0 0 0 0 0 0 0 0 0 0 0 0 0 0 0 0 0 0 0 0 0 0 0 0 0 0 0 0 0 0 0 0 0 0 0 0 0 0 0 0 0 0 0 0 0 0 0 0 0 0 0 0 0 0 0 0 0 0 0 0 0 0 0 0 0 0 0 0 0 0 0 0 0 0 0 0 0 0 0 0 0 0 0 0 0 0 0 0 0 0 0 0 0 0 0 0 0 0 0 0 0 0 0 0 0 0 0 0 0 0 0 0 0 0 0 0 0 0 0 0 0 0 0 0 0 0 0 0 0 0 0 0 0 0 0 0 0 0 0 0 0 0 0 0 0 0 0 0 0 0 0 0 0 0 0 0 0 0 0 0 0 0 0 0 0 0 0 0 0 0 0 0 0 0 0 0 0 0 0 0 0 0 0 0 0 0 0 0 0 0 0 0 0 0 0 0 0 0 0 0 0 0 0 0 0 0 0 0 0 0 0 0 0 0 0 0 0 0 0 0 0 0 0
 -0.180065 -0.135731 -0.0145573 0.0425265 0.250571 0.338439 0.420025 0.521797 0.590408 0.623396 0.637051 0.725898 0.756613 0.783114 0.800841 0.904668 0.946385 1.22222 1.25268 1.25701 1.30782 1.32332 1.3607 1.38475 1.38774 1.39016 1.41134 1.43529 1.4654 1.49104 1.50008 1.50415 1.54107 1.64265 1.65654 1.82279 1.86375 1.86923 1.8761 1.89816 1.96162 1.96932 2.01042 2.0123 2.02636 2.05505 2.12066 2.20375 2.20805 2.28491 2.3225 2.46086 2.47043 2.51028 2.52274 2.57017 2.76322 2.76486 2.77264 2.77964 2.8921 3.15404 3.15468 3.19733 3.19899 3.3521 3.39679 3.4183 3.42254 3.44995 3.47152 3.68015 3.68387 3.68782 3.7941 3.81929 3.95309 3.97509 3.99164 4.06788 4.1419 4.16398 4.19928 4.27972 4.28058 4.28899 4.31307 4.32691 4.35539 4.36001 4.46163 4.46646 4.48694 4.52176 4.58225 4.64729 4.7144 4.74305 4.76205 4.78205 4.79337 4.83433 4.98232 5.10986 5.20504 5.2163 5.29458 5.39827 5.41957 5.54275 5.64501 5.65648 5.68081 5.80326 5.83908 5.85162 5.95467 5.96813 6.08058 6.26941 6.32747 6.46196 6.76045 6.85372 6.96691 0 0 0 0 0 0 0 0 0 0 0 0 0 0 0 0 0 0 0 0 0 0 0 0 0 0 0 0 0 0 0 0 0 0 0 0 0 0 0 0 0 0 0 0 0 0 0 0 0 0 0 0 0 0 0 0 0 0 0 0 0 0 0 0 0 0 0 0 0 0 0 0 0 0 0 0 0 0 0 0 0 0 0 0 0 0 0 0 0 0 0 0 0 0 0 0 0 0 0 0 0 0 0 0 0 0 0 0 0 0 0 0 0 0 0 0 0 0 0 0 0 0 0 0 0 0 0 0 0 0 0 0 0 0 0 0 0 0 0 0 0 0 0 0 0 0 0 0 0 0 0 0 0 0 0 0 0 0 0 0 0 0 0 0 0 0 0 0 0 0 0 0 0 0 0 0 0 0 0 0 0 0 0 0 0 0 0 0 0 0 0 0 0 0 0 0 0 0 0 0 0 0 0 0 0 0 0 0 0 0 0 0 0 0 0 0 0 0 0 0 0 0 0 0 0 0 0 0 0 0 0 0 0 0 0 0 0 0 0 0 0 0 0 0 0 0 0 0 0 0 0 0 0 0 0 0 0 0 0 0 0 0 0 0 0 0 0 0 0 0 0 0 0 0 0 0 0 0 0 0 0 0 0 0 0 0 0 0 0 0 0 0 0 0 0 0 0 0 0 0 0 0 0 0 0 0 0 0 0 0 0 0 0 0 0 0 0 0 0 0 0 0 0 0 0 0 0 0 0 0 0 0 0 0 0 0 0 0 0 0 0 0 0 0 0 0 0 0 0 0 0 0 0 0 0 0 0 0 0 0 0 0 0 0 0 0 0 0 0 0 0 0 0 0 0
 -0.822565 -0.434866 -0.209016 -0.160367 -0.151024 0.0305749 0.135671 0.193708 0.288703 0.357908 0.367346 0.560578 0.587008 0.632731 0.660813 0.868216 0.883402 0.905023 0.952208 0.966255 1.00651 1.0282 1.09192 1.12562 1.1633 1.20914 1.21869 1.29986 1.30912 1.32819 1.37475 1.4662 1.53125 1.57762 1.60065 1.62704 1.66037 1.76043 1.81163 1.86705 1.96909 2.04066 2.11869 2.19487 2.28453 2.36522 2.36528 2.45628 2.56478 2.56997 2.6263 2.65767 2.69219 2.70315 2.75783 2.76178 2.76793 2.80694 2.82285 2.84367 2.84597 2.89394 3.00231 3.05287 3.13844 3.15186 3.16385 3.19465 3.28901 3.41828 3.60491 3.63237 3.66686 3.73543 3.74188 3.81512 3.85355 3.87743 3.92194 3.96019 4.13995 4.22993 4.25387 4.27538 4.39978 4.49882 4.71588 4.80156 4.86612 4.88356 4.91261 4.92697 4.97063 5.00077 5.05929 5.08693 5.11977 5.20389 5.20874 5.21021 5.21883 5.22302 5.40424 5.41813 5.42797 5.47347 5.49333 5.56538 5.71073 5.77734 5.89338 5.89804 5.95528 5.97414 6.00701 6.02092 6.10212 6.17706 6.33694 6.34571 6.3795 6.43369 6.44224 6.5053 6.54078 0 0 0 0 0 0 0 0 0 0 0 0 0 0 0 0 0 0 0 0 0 0 0 0 0 0 0 0 0 0 0 0 0 0 0 0 0 0 0 0 0 0 0 0 0 0 0 0 0 0 0 0 0 0 0 0 0 0 0 0 0 0 0 0 0 0 0 0 0 0 0 0 0 0 0 0 0 0 0 0 0 0 0 0 0 0 0 0 0 0 0 0 0 0 0 0 0 0 0 0 0 0 0 0 0 0 0 0 0 0 0 0 0 0 0 0 0 0 0 0 0 0 0 0 0 0 0 0 0 0 0 0 0 0 0 0 0 0 0 0 0 0 0 0 0 0 0 0 0 0 0 0 0 0 0 0 0 0 0 0 0 0 0 0 0 0 0 0 0 0 0 0 0 0 0 0 0 0 0 0 0 0 0 0 0 0 0 0 0 0 0 0 0 0 0 0 0 0 0 0 0 0 0 0 0 0 0 0 0 0 0 0 0 0 0 0 0 0 0 0 0 0 0 0 0 0 0 0 0 0 0 0 0 0 0 0 0 0 0 0 0 0 0 0 0 0 0 0 0 0 0 0 0 0 0 0 0 0 0 0 0 0 0 0 0 0 0 0 0 0 0 0 0 0 0 0 0 0 0 0 0 0 0 0 0 0 0 0 0 0 0 0 0 0 0 0 0 0 0 0 0 0 0 0 0 0 0 0 0 0 0 0 0 0 0 0 0 0 0 0 0 0 0 0 0 0 0 0 0 0 0 0 0 0 0 0 0 0 0 0 0 0 0 0 0 0 0 0 0 0 0 0 0 0 0 0 0 0 0 0 0 0 0 0 0 0 0 0 0 0 0 0 0 0 0
 -0.416452 -0.0992175 -0.0418963 -0.0104888 0.298461 0.312575 0.313882 0.315212 0.369038 0.384002 0.483624 0.56426 0.792563 0.875574 0.89484 0.989243 1.01844 1.02407 1.02927 1.03587 1.09189 1.11007 1.12879 1.1983 1.22575 1.35837 1.42504 1.45482 1.50985 1.51377 1.5384 1.54981 1.56192 1.62936 1.62965 1.72655 1.78874 1.80852 1.84367 1.85771 1.9681 1.98417 2.03299 2.03876 2.05388 2.12099 2.208 2.2232 2.23769 2.30849 2.33386 2.35695 2.54911 2.65715 2.73505 2.74292 2.80447 2.93245 2.96699 3.0302 3.11016 3.22592 3.23431 3.24573 3.40109 3.4567 3.49429 3.50966 3.53392 3.54401 3.76905 3.83806 3.90788 3.91434 3.93484 3.96285 3.9883 3.99978 4.01236 4.10522 4.12838 4.18686 4.21433 4.33041 4.35653 4.3943 4.39573 4.39786 4.42863 4.44588 4.61013 4.62551 4.65414 4.67046 4.68173 4.68897 4.70069 4.74535 4.77747 4.87649 4.91388 4.97682 5.06817 5.08083 5.1645 5.20726 5.31832 5.36434 5.43087 5.44606 5.48482 5.58862 5.59442 5.60296 5.65681 5.65778 5.66893 5.80906 5.94381 6.03773 6.16579 6.35758 6.37541 6.91184 6.91797 0 0 0 0 0 0 0 0 0 0 0 0 0 0 0 0 0 0 0 0 0 0 0 0 0 0 0 0 0 0 0 0 0 0 0 0 0 0 0 0 0 0 0 0 0 0 0 0 0 0 0 0 0 0 0 0 0 0 0 0 0 0 0 0 0 0 0 0 0 0 0 0 0 0 0 0 0 0 0 0 0 0 0 0 0 0 0 0 0 0 0 0 0 0 0 0 0 0 0 0 0 0 0 0 0 0 0 0 0 0 0 0 0 0 0 0 0 0 0 0 0 0 0 0 0 0 0 0 0 0 0 0 0 0 0 0 0 0 0 0 0 0 0 0 0 0 0 0 0 0 0 0 0 0 0 0 0 0 0 0 0 0 0 0 0 0 0 0 0 0 0 0 0 0 0 0 0 0 0 0 0 0 0 0 0 0 0 0 0 0 0 0 0 0 0 0 0 0 0 0 0 0 0 0 0 0 0 0 0 0 0 0 0 0 0 0 0 0 0 0 0 0 0 0 0 0 0 0 0 0 0 0 0 0 0 0 0 0 0 0 0 0 0 0 0 0 0 0 0 0 0 0 0 0 0 0 0 0 0 0 0 0 0 0 0 0 0 0 0 0 0 0 0 0 0 0 0 0 0 0 0 0 0 0 0 0 0 0 0 0 0 0 0 0 0 0 0 0 0 0 0 0 0 0 0 0 0 0 0 0 0 0 0 0 0 0 0 0 0 0 0 0 0 0 0 0 0 0 0 0 0 0 0 0 0 0 0 0 0 0 0 0 0 0 0 0 0 0 0 0 0 0 0 0 0 0 0 0 0 0 0 0 0 0 0 0 0 0 0 0 0 0 0 0 0
 -0.417736 -0.262213 -0.214843 0.131997 0.179998 0.192514 0.322604 0.397829 0.412598 0.495085 0.508176 0.598544 0.681055 0.681066 0.695824 0.84638 0.858483 0.895832 1.00767 1.18604 1.22026 1.23785 1.24196 1.28099 1.30198 1.34622 1.44689 1.50387 1.51517 1.54129 1.54747 1.58773 1.59041 1.66776 1.6886 1.88779 1.9376 1.95724 1.95947 1.9833 1.9985 2.02737 2.0546 2.14544 2.20332 2.26387 2.26684 2.34152 2.3493 2.37839 2.53177 2.6906 2.84876 2.98342 3.04338 3.10622 3.13296 3.16329 3.19193 3.30361 3.31025 3.31233 3.31562 3.31878 3.33949 3.3468 3.35346 3.38885 3.41736 3.50917 3.60494 3.62503 3.674 3.6761 3.69173 3.70071 3.77183 3.78123 3.79255 3.8962 3.98029 4.0232 4.04836 4.1073 4.14336 4.18823 4.19618 4.2392 4.24096 4.25738 4.28519 4.30246 4.3065 4.34996 4.55425 4.67671 4.71895 4.72689 4.75154 4.80792 4.81947 4.83549 5.021 5.22261 5.32437 5.3793 5.45898 5.47902 5.57397 5.61706 5.71285 5.82604 5.83278 5.84352 5.93388 5.95821 5.97945 6.02005 6.19338 6.34779 6.45927 6.53965 6.68981 6.94653 7.27818 0 0 0 0 0 0 0 0 0 0 0 0 0 0 0 0 0 0 0 0 0 0 0 0 0 0 0 0 0 0 0 0 0 0 0 0 0 0 0 0 0 0 0 0 0 0 0 0 0 0 0 0 0 0 0 0 0 0 0 0 0 0 0 0 0 0 0 0 0 0 0 0 0 0 0 0 0 0 0 0 0 0 0 0 0 0 0 0 0 0 0 0 0 0 0 0 0 0 0 0 0 0 0 0 0 0 0 0 0 0 0 0 0 0 0 0 0 0 0 0 0 0 0 0 0 0 0 0 0 0 0 0 0 0 0 0 0 0 0 0 0 0 0 0 0 0 0 0 0 0 0 0 0 0 0 0 0 0 0 0 0 0 0 0 0 0 0 0 0 0 0 0 0 0 0 0 0 0 0 0 0 0 0 0 0 0 0 0 0 0 0 0 0 0 0 0 0 0 0 0 0 0 0 0 0 0 0 0 0 0 0 0 0 0 0 0 0 0 0 0 0 0 0 0 0 0 0 0 0 0 0 0 0 0 0 0 0 0 0 0 0 0 0 0 0 0 0 0 0 0 0 0 0 0 0 0 0 0 0 0 0 0 0 0 0 0 0 0 0 0 0 0 0 0 0 0 0 0 0 0 0 0 0 0 0 0 0 0 0 0 0 0 0 0 0 0 0 0 0 0 0 0 0 0 0 0 0 0 0 0 0 0 0 0 0 0 0 0 0 0 0 0 0 0 0 0 0 0 0 0 0 0 0 0 0 0 0 0 0 0 0 0 0 0 0 0 0 0 0 0 0 0 0 0 0 0 0 0 0 0 0 0 0 0 0 0 0 0 0 0 0 0 0 0 0
 -0.379645 0.0038314 0.0861115 0.0862715 0.116719 0.148623 0.212483 0.267827 0.363913 0.381475 0.574979 0.615194 0.659946 0.69542 0.807029 0.911697 0.944437 1.00185 1.00308 1.05176 1.12252 1.14949 1.17425 1.21546 1.30263 1.33975 1.43074 1.47791 1.58134 1.60055 1.60993 1.61803 1.73417 1.73708 1.78216 1.78856 1.85163 1.92779 1.9349 2.03105 2.11791 2.16933 2.18261 2.18908 2.20747 2.26148 2.42021 2.49931 2.52337 2.55655 2.56411 2.637 2.84286 2.89819 2.91081 2.93834 2.96386 3.03323 3.0341 3.18261 3.26167 3.26763 3.32394 3.49375 3.49756 3.55513 3.56449 3.5702 3.5782 3.6163 3.63556 3.63888 3.65589 3.71007 3.74208 3.77982 3.8093 3.84446 3.95753 4.00612 4.01351 4.02025 4.0563 4.06846 4.18359 4.22145 4.22867 4.27742 4.33088 4.38351 4.45434 4.53445 4.55642 4.7325 4.74672 4.78967 4.80864 4.81564 4.87654 4.94856 5.04675 5.05433 5.10348 5.14202 5.21964 5.30797 5.39407 5.4058 5.44338 5.44885 5.47031 5.48423 5.53332 5.5737 5.66456 5.94743 6.13612 6.188 6.30706 6.31274 6.3187 6.4632 6.54502 6.68195 6.75421 0 0 0 0 0 0 0 0 0 0 0 0 0 0 0 0 0 0 0 0 0 0 0 0 0 0 0 0 0 0 0 0 0 0 0 0 0 0 0 0 0 0 0 0 0 0 0 0 0 0 0 0 0 0 0 0 0 0 0 0 0 0 0 0 0 0 0 0 0 0 0 0 0 0 0 0 0 0 0 0 0 0 0 0 0 0 0 0 0 0 0 0 0 0 0 0 0 0 0 0 0 0 0 0 0 0 0 0 0 0 0 0 0 0 0 0 0 0 0 0 0 0 0 0 0 0 0 0 0 0 0 0 0 0 0 0 0 0 0 0 0 0 0 0 0 0 0 0 0 0 0 0 0 0 0 0 0 0 0 0 0 0 0 0 0 0 0 0 0 0 0 0 0 0 0 0 0 0 0 0 0 0 0 0 0 0 0 0 0 0 0 0 0 0 0 0 0 0 0 0 0 0 0 0 0 0 0 0 0 0 0 0 0 0 0 0 0 0 0 0 0 0 0 0 0 0 0 0 0 0 0 0 0 0 0 0 0 0 0 0 0 0 0 0 0 0 0 0 0 0 0 0 0 0 0 0 0 0 0 0 0 0 0 0 0 0 0 0 0 0 0 0 0 0 0 0 0 0 0 0 0 0 0 0 0 0 0 0 0 0 0 0 0 0 0 0 0 0 0 0 0 0 0 0 0 0 0 0 0 0 0 0 0 0 0 0 0 0 0 0 0 0 0 0 0 0 0 0 0 0 0 0 0 0 0 0 0 0 0 0 0 0 0 0 0 0 0 0 0 0 0 0 0 0 0 0 0 0 0 0 0 0 0 0 0 0 0 0 0 0 0 0 0 0 0
 -0.325572 -0.0417968 0.101044 0.298976 0.342088 0.406331 0.436231 0.501622 0.630721 0.758082 0.792659 0.805271 0.847766 0.853554 0.918804 0.95381 0.973634 0.988047 1.0148 1.04931 1.17857 1.24277 1.27615 1.28375 1.3025 1.32412 1.40059 1.40447 1.41619 1.41837 1.43642 1.44601 1.51446 1.54641 1.59956 1.66946 1.67472 1.69343 1.70582 1.85774 1.87198 1.92437 2.00164 2.09626 2.11206 2.15664 2.24665 2.37256 2.40189 2.56346 2.69493 2.81255 2.85554 2.90583 2.9282 2.92856 3.01739 3.07736 3.08516 3.1845 3.21798 3.33893 3.39687 3.44997 3.51525 3.56284 3.57289 3.69668 3.74564 3.74901 3.76188 3.81519 3.89437 3.96145 4.01787 4.0472 4.09569 4.1265 4.14449 4.14529 4.17458 4.20206 4.27905 4.28678 4.30808 4.43518 4.45076 4.70214 4.71313 4.77969 4.80829 4.81265 4.81387 4.85087 4.87082 4.92917 4.93005 5.00015 5.00043 5.03901 5.08006 5.08581 5.13806 5.21893 5.22504 5.28031 5.34054 5.4548 5.48237 5.63245 5.73185 5.77794 5.84467 5.85552 5.85736 6.06534 6.0778 6.19565 6.21972 6.60417 6.63368 6.67962 6.71891 6.74271 7.0824 0 0 0 0 0 0 0 0 0 0 0 0 0 0 0 0 0 0 0 0 0 0 0 0 0 0 0 0 0 0 0 0 0 0 0 0 0 0 0 0 0 0 0 0 0 0 0 0 0 0 0 0 0 0 0 0 0 0 0 0 0 0 0 0 0 0 0 0 0 0 0 0 0 0 0 0 0 0 0 0 0 0 0 0 0 0 0 0 0 0 0 0 0 0 0 0 0 0 0 0 0 0 0 0 0 0 0 0 0 0 0 0 0 0 0 0 0 0 0 0 0 0 0 0 0 0 0 0 0 0 0 0 0 0 0 0 0 0 0 0 0 0 0 0 0 0 0 0 0 0 0 0 0 0 0 0 0 0 0 0 0 0 0 0 0 0 0 0 0 0 0 0 0 0 0 0 0 0 0 0 0 0 0 0 0 0 0 0 0 0 0 0 0 0 0 0 0 0 0 0 0 0 0 0 0 0 0 0 0 0 0 0 0 0 0 0 0 0 0 0 0 0 0 0 0 0 0 0 0 0 0 0 0 0 0 0 0 0 0 0 0 0 0 0 0 0 0 0 0 0 0 0 0 0 0 0 0 0 0 0 0 0 0 0 0 0 0 0 0 0 0 0 0 0 0 0 0 0 0 0 0 0 0 0 0 0 0 0 0 0 0 0 0 0 0 0 0 0 0 0 0 0 0 0 0 0 0 0 0 0 0 0 0 0 0 0 0 0 0 0 0 0 0 0 0 0 0 0 0 0 0 0 0 0 0 0 0 0 0 0 0 0 0 0 0 0 0 0 0 0 0 0 0 0 0 0 0 0 0 0 0 0 0 0 0 0 0 0 0 0 0 0 0 0 0
 -0.544634 -0.43417 -0.132191 -0.111397 -0.0685413 -0.0668064 -0.0539689 0.054831 0.197717 0.293716 0.455839 0.513038 0.546374 0.610822 0.775599 0.904918 0.981523 1.07527 1.10319 1.10699 1.14152 1.17613 1.18285 1.22024 1.28361 1.32802 1.34333 1.40033 1.42587 1.56912 1.59562 1.62634 1.67158 1.70624 1.7263 1.75634 1.79379 1.90329 1.93503 1.96015 2.11759 2.13278 2.19588 2.24422 2.33504 2.38628 2.41843 2.42165 2.60471 2.6236 2.62791 2.64949 2.68881 2.71013 2.76117 2.7936 2.97717 3.03172 3.06283 3.11892 3.23458 3.35213 3.40747 3.46714 3.47498 3.52044 3.52463 3.67639 3.67878 3.78773 3.79133 3.79917 3.84148 3.86586 3.88615 3.92331 4.00089 4.05558 4.0816 4.12059 4.12414 4.1309 4.22165 4.27583 4.32545 4.32659 4.47735 4.53917 4.55515 4.59596 4.61112 4.64176 4.64674 4.68039 4.78431 4.86889 4.90438 5.02376 5.06692 5.09947 5.11093 5.12749 5.12917 5.17895 5.20948 5.21222 5.23827 5.25661 5.2617 5.41481 5.41781 5.4537 5.59509 5.61087 5.62395 5.71761 5.73532 5.86074 5.9497 5.9907 6.15786 6.22214 6.57301 6.68198 6.71448 0 0 0 0 0 0 0 0 0 0 0 0 0 0 0 0 0 0 0 0 0 0 0 0 0 0 0 0 0 0 0 0 0 0 0 0 0 0 0 0 0 0 0 0 0 0 0 0 0 0 0 0 0 0 0 0 0 0 0 0 0 0 0 0 0 0 0 0 0 0 0 0 0 0 0 0 0 0 0 0 0 0 0 0 0 0 0 0 0 0 0 0 0 0 0 0 0 0 0 0 0 0 0 0 0 0 0 0 0 0 0 0 0 0 0 0 0 0 0 0 0 0 0 0 0 0 0 0 0 0 0 0 0 0 0 0 0 0 0 0 0 0 0 0 0 0 0 0 0 0 0 0 0 0 0 0 0 0 0 0 0 0 0 0 0 0 0 0 0 0 0 0 0 0 0 0 0 0 0 0 0 0 0 0 0 0 0 0 0 0 0 0 0 0 0 0 0 0 0 0 0 0 0 0 0 0 0 0 0 0 0 0 0 0 0 0 0 0 0 0 0 0 0 0 0 0 0 0 0 0 0 0 0 0 0 0 0 0 0 0 0 0 0 0 0 0 0 0 0 0 0 0 0 0 0 0 0 0 0 0 0 0 0 0 0 0 0 0 0 0 0 0 0 0 0 0 0 0 0 0 0 0 0 0 0 0 0 0 0 0 0 0 0 0 0 0 0 0 0 0 0 0 0 0 0 0 0 0 0 0 0 0 0 0 0 0 0 0 0 0 0 0 0 0 0 0 0 0 0 0 0 0 0 0 0 0 0 0 0 0 0 0 0 0 0 0 0 0 0 0 0 0 0 0 0 0 0 0 0 0 0 0 0 0 0 0 0 0 0 0 0 0 0 0 0
 -0.881137 0.0551872 0.116099 0.204916 0.307762 0.330643 0.469201 0.552536 0.602705 0.622321 0.646628 0.649624 0.736034 0.800608 0.899556 0.945161 0.946728 0.948122 1.01669 1.03187 1.11652 1.1844 1.2028 1.26398 1.27943 1.33998 1.41654 1.45359 1.47578 1.48592 1.54662 1.60772 1.67202 1.67451 1.69913 1.70967 1.71836 1.73685 1.87161 2.01983 2.11982 2.16206 2.32392 2.37559 2.37905 2.43792 2.46148 2.58936 2.61648 2.63433 2.67044 2.67196 2.72206 2.7765 2.82185 2.82483 2.84649 2.86747 2.8717 2.88883 2.92774 2.93556 2.95419 3.03065 3.03846 3.04055 3.05373 3.10814 3.12488 3.17468 3.2762 3.47283 3.59881 3.60462 3.61368 3.88525 4.05896 4.06142 4.08005 4.11095 4.11693 4.18732 4.20373 4.2504 4.32602 4.3382 4.47632 4.50197 4.60961 4.6102 4.64324 4.66224 4.67744 4.72042 4.72279 4.79683 4.89251 5.04202 5.07075 5.0815 5.12143 5.12368 5.13187 5.19627 5.27496 5.33517 5.43663 5.45453 5.47717 5.56683 5.59877 5.60571 5.62323 5.63546 5.64052 5.74236 5.75305 5.84291 5.93062 6.10759 6.16984 6.25669 6.30727 6.34632 7.46489 0 0 0 0 0 0 0 0 0 0 0 0 0 0 0 0 0 0 0 0 0 0 0 0 0 0 0 0 0 0 0 0 0 0 0 0 0 0 0 0 0 0 0 0 0 0 0 0 0 0 0 0 0 0 0 0 0 0 0 0 0 0 0 0 0 0 0 0 0 0 0 0 0 0 0 0 0 0 0 0 0 0 0 0 0 0 0 0 0 0 0 0 0 0 0 0 0 0 0 0 0 0 0 0 0 0 0 0 0 0 0 0 0 0 0 0 0 0 0 0 0 0 0 0 0 0 0 0 0 0 0 0 0 0 0 0 0 0 0 0 0 0 0 0 0 0 0 0 0 0 0 0 0 0 0 0 0 0 0 0 0 0 0 0 0 0 0 0 0 0 0 0 0 0 0 0 0 0 0 0 0 0 0 0 0 0 0 0 0 0 0 0 0 0 0 0 0 0 0 0 0 0 0 0 0 0 0 0 0 0 0 0 0 0 0 0 0 0 0 0 0 0 0 0 0 0 0 0 0 0 0 0 0 0 0 0 0 0 0 0 0 0 0 0 0 0 0 0 0 0 0 0 0 0 0 0 0 0 0 0 0 0 0 0 0 0 0 0 0 0 0 0 0 0 0 0 0 0 0 0 0 0 0 0 0 0 0 0 0 0 0 0 0 0 0 0 0 0 0 0 0 0 0 0 0 0 0 0 0 0 0 0 0 0 0 0 0 0 0 0 0 0 0 0 0 0 0 0 0 0 0 0 0 0 0 0 0 0 0 0 0 0 0 0 0 0 0 0 0 0 0 0 0 0 0 0 0 0 0 0 0 0 0 0 0 0 0 0 0 0 0 0 0 0 0
 -1.03643 -0.611833 -0.454353 -0.157685 -0.00802078 0.25883 0.259467 0.371164 0.410167 0.497844 0.583731 0.794384 0.881655 0.899191 0.906876 0.923666 0.937288 1.03272 1.04697 1.1177 1.1592 1.17008 1.19744 1.19803 1.24788 1.29328 1.30814 1.36702 1.39665 1.4441 1.48047 1.52919 1.5662 1.59273 1.60342 1.61151 1.61518 1.65633 1.6661 1.7452 1.7745 1.83605 1.84773 1.85334 1.87536 1.96097 1.96356 2.10338 2.12729 2.15424 2.16056 2.24447 2.38442 2.42113 2.49736 2.56936 2.61313 2.62131 2.65648 2.78145 2.82356 2.89422 2.90236 3.00132 3.03798 3.1363 3.14459 3.23875 3.24082 3.25375 3.30066 3.36729 3.37728 3.40167 3.43865 3.578 3.61667 3.65204 3.69456 3.73115 3.80187 3.92238 4.08261 4.28642 4.48686 4.51312 4.53557 4.59237 4.60219 4.63035 4.64293 4.66178 4.69794 4.71091 4.88701 4.89219 4.92281 4.98626 5.12651 5.13248 5.17863 5.22759 5.32286 5.36302 5.37616 5.38767 5.39252 5.50629 5.53869 5.5672 5.62374 5.7067 5.74784 5.76682 5.79298 5.95327 5.96693 6.15568 6.18866 6.27442 6.28052 6.28667 6.3068 6.45446 6.83821 0 0 0 0 0 0 0 0 0 0 0 0 0 0 0 0 0 0 0 0 0 0 0 0 0 0 0 0 0 0 0 0 0 0 0 0 0 0 0 0 0 0 0 0 0 0 0 0 0 0 0 0 0 0 0 0 0 0 0 0 0 0 0 0 0 0 0 0 0 0 0 0 0 0 0 0 0 0 0 0 0 0 0 0 0 0 0 0 0 0 0 0 0 0 0 0 0 0 0 0 0 0 0 0 0 0 0 0 0 0 0 0 0 0 0 0 0 0 0 0 0 0 0 0 0 0 0 0 0 0 0 0 0 0 0 0 0 0 0 0 0 0 0 0 0 0 0 0 0 0 0 0 0 0 0 0 0 0 0 0 0 0 0 0 0 0 0 0 0 0 0 0 0 0 0 0 0 0 0 0 0 0 0 0 0 0 0 0 0 0 0 0 0 0 0 0 0 0 0 0 0 0 0 0 0 0 0 0 0 0 0 0 0 0 0 0 0 0 0 0 0 0 0 0 0 0 0 0 0 0 0 0 0 0 0 0 0 0 0 0 0 0 0 0 0 0 0 0 0 0 0 0 0 0 0 0 0 0 0 0 0 0 0 0 0 0 0 0 0 0 0 0 0 0 0 0 0 0 0 0 0 0 0 0 0 0 0 0 0 0 0 0 0 0 0 0 0 0 0 0 0 0 0 0 0 0 0 0 0 0 0 0 0 0 0 0 0 0 0 0 0 0 0 0 0 0 0 0 0 0 0 0 0 0 0 0 0 0 0 0 0 0 0 0 0 0 0 0 0 0 0 0 0 0 0 0 0 0 0 0 0 0 0 0 0 0 0 0 0 0 0 0 0 0 0
 -0.293469 -0.250852 -0.176114 -0.0670398 -0.0232922 0.0395907 0.321837 0.350871 0.428124 0.533886 0.571947 0.606074 0.631353 0.638547 0.71619 0.750059 0.797856 0.812166 0.84655 0.904163 0.913482 0.937755 0.944142 1.04289 1.06672 1.07913 1.15144 1.16364 1.23855 1.57343 1.72111 1.7374 1.76214 1.7855 1.81272 1.81687 1.89357 1.89804 1.93289 2.01572 2.03729 2.19644 2.21725 2.24129 2.25799 2.26475 2.3154 2.401 2.48093 2.49742 2.56353 2.7298 2.80124 2.83362 2.88391 2.89116 2.93496 2.9421 2.98884 3.03724 3.10369 3.18082 3.25128 3.28298 3.30156 3.38402 3.45164 3.48752 3.54835 3.54988 3.62156 3.72956 3.72963 3.7724 3.78086 3.79182 3.81278 3.83084 3.84273 3.87665 3.88119 3.95219 3.97269 4.12128 4.14936 4.19931 4.28376 4.33709 4.41907 4.42156 4.5365 4.59923 4.63759 4.71126 4.78799 4.87145 4.87762 4.94855 4.95841 5.20253 5.21039 5.31188 5.34306 5.36005 5.42248 5.44789 5.50193 5.52651 5.56403 5.57954 5.60879 5.7744 5.79767 5.81864 5.84127 5.89915 5.93418 5.94011 5.99417 6.07826 6.21879 6.24553 6.34631 6.3822 6.90792 0 0 0 0 0 0 0 0 0 0 0 0 0 0 0 0 0 0 0 0 0 0 0 0 0 0 0 0 0 0 0 0 0 0 0 0 0 0 0 0 0 0 0 0 0 0 0 0 0 0 0 0 0 0 0 0 0 0 0 0 0 0 0 0 0 0 0 0 0 0 0 0 0 0 0 0 0 0 0 0 0 0 0 0 0 0 0 0 0 0 0 0 0 0 0 0 0 0 0 0 0 0 0 0 0 0 0 0 0 0 0 0 0 0 0 0 0 0 0 0 0 0 0 0 0 0 0 0 0 0 0 0 0 0 0 0 0 0 0 0 0 0 0 0 0 0 0 0 0 0 0 0 0 0 0 0 0 0 0 0 0 0 0 0 0 0 0 0 0 0 0 0 0 0 0 0 0 0 0 0 0 0 0 0 0 0 0 0 0 0 0 0 0 0 0 0 0 0 0 0 0 0 0 0 0 0 0 0 0 0 0 0 0 0 0 0 0 0 0 0 0 0 0 0 0 0 0 0 0 0 0 0 0 0 0 0 0 0 0 0 0 0 0 0 0 0 0 0 0 0 0 0 0 0 0 0 0 0 0 0 0 0 0 0 0 0 0 0 0 0 0 0 0 0 0 0 0 0 0 0 0 0 0 0 0 0 0 0 0 0 0 0 0 0 0 0 0 0 0 0 0 0 0 0 0 0 0 0 0 0 0 0 0 0 0 0 0 0 0 0 0 0 0 0 0 0 0 0 0 0 0 0 0 0 0 0 0 0 0 0 0 0 0 0 0 0 0 0 0 0 0 0 0 0 0 0 0 0 0 0 0 0 0 0 0 0 0 0 0 0 0 0 0 0 0
 -0.749473 -0.417261 -0.295092 -0.127587 -0.112913 0.0795286 0.10471 0.258108 0.335039 0.398206 0.433505 0.441316 0.468481 0.515244 0.67543 0.780537 0.834902 0.975021 0.979958 1.04986 1.06396 1.06591 1.12716 1.17175 1.18388 1.19787 1.32493 1.33029 1.34396 1.44408 1.49064 1.51918 1.52826 1.60054 1.67049 1.68136 1.69069 1.78631 1.79639 1.84788 1.85323 1.85779 1.93722 1.9373 2.05852 2.05881 2.09183 2.11449 2.21786 2.25964 2.29617 2.3119 2.31984 2.35549 2.44614 2.68005 2.89098 2.89896 2.99232 3.13016 3.157 3.21729 3.27897 3.30676 3.47785 3.51995 3.55033 3.59201 3.70305 3.71862 3.77642 3.78522 3.81275 3.8297 3.94988 3.99941 4.004 4.08015 4.17609 4.19444 4.21124 4.27634 4.30718 4.3399 4.37013 4.40379 4.4414 4.46746 4.49101 4.50057 4.54737 4.55619 4.65966 4.74502 4.74606 4.74729 4.80954 4.81002 4.84584 4.9541 5.05132 5.09286 5.19025 5.23701 5.24571 5.29998 5.34221 5.36649 5.39736 5.60403 5.60827 5.66533 5.70981 5.72617 5.77259 5.77761 5.82685 6.0127 6.10265 6.15047 6.16133 6.29617 6.30022 6.76559 7.08467 0 0 0 0 0 0 0 0 0 0 0 0 0 0 0 0 0 0 0 0 0 0 0 0 0 0 0 0 0 0 0 0 0 0 0 0 0 0 0 0 0 0 0 0 0 0 0 0 0 0 0 0 0 0 0 0 0 0 0 0 0 0 0 0 0 0 0 0 0 0 0 0 0 0 0 0 0 0 0 0 0 0 0 0 0 0 0 0 0 0 0 0 0 0 0 0 0 0 0 0 0 0 0 0 0 0 0 0 0 0 0 0 0 0 0 0 0 0 0 0 0 0 0 0 0 0 0 0 0 0 0 0 0 0 0 0 0 0 0 0 0 0 0 0 0 0 0 0 0 0 0 0 0 0 0 0 0 0 0 0 0 0 0 0 0 0 0 0 0 0 0 0 0 0 0 0 0 0 0 0 0 0 0 0 0 0 0 0 0 0 0 0 0 0 0 0 0 0 0 0 0 0 0 0 0 0 0 0 0 0 0 0 0 0 0 0 0 0 0 0 0 0 0 0 0 0 0 0 0 0 0 0 0 0 0 0 0 0 0 0 0 0 0 0 0 0 0 0 0 0 0 0 0 0 0 0 0 0 0 0 0 0 0 0 0 0 0 0 0 0 0 0 0 0 0 0 0 0 0 0 0 0 0 0 0 0 0 0 0 0 0 0 0 0 0 0 0 0 0 0 0 0 0 0 0 0 0 0 0 0 0 0 0 0 0 0 0 0 0 0 0 0 0 0 0 0 0 0 0 0 0 0 0 0 0 0 0 0 0 0 0 0 0 0 0 0 0 0 0 0 0 0 0 0 0 0 0 0 0 0 0 0 0 0 0 0 0 0 0 0 0 0 0 0 0
 -0.295286 -0.183701 -0.168685 -0.147562 -0.111868 -0.00958073 0.0549062 0.410729 0.41446 0.448604 0.54211 0.637594 0.64536 0.705768 0.720435 0.742331 0.748886 0.782293 0.881283 0.882484 0.925379 0.961315 0.995124 1.06637 1.07664 1.23074 1.27093 1.30496 1.32912 1.34104 1.4242 1.50355 1.5547 1.59024 1.71621 1.7312 1.76458 1.82707 1.8763 1.8965 1.93377 2.01267 2.09479 2.12663 2.13182 2.16201 2.16939 2.17365 2.21785 2.24122 2.36219 2.38158 2.40098 2.49389 2.66737 2.70645 2.78733 2.86935 2.87069 2.89737 2.92312 2.97953 3.14444 3.1728 3.19247 3.21097 3.27217 3.29056 3.32666 3.35805 3.35901 3.45915 3.47747 3.49201 3.62693 3.67037 3.68517 3.69074 3.81639 3.82107 3.82578 3.84437 3.89667 3.97859 4.22804 4.24912 4.28826 4.38403 4.41273 4.4977 4.61052 4.75899 4.83054 4.84261 4.85166 4.94998 4.96522 4.98521 5.01617 5.05544 5.16095 5.19473 5.19749 5.21936 5.32221 5.32871 5.33286 5.47547 5.49813 5.54307 5.55324 5.5551 5.57677 5.58616 5.61084 5.63504 5.82996 6.19778 6.24291 6.26023 6.26673 6.31407 6.70119 6.78789 7.13595 0 0 0 0 0 0 0 0 0 0 0 0 0 0 0 0 0 0 0 0 0 0 0 0 0 0 0 0 0 0 0 0 0 0 0 0 0 0 0 0 0 0 0 0 0 0 0 0 0 0 0 0 0 0 0 0 0 0 0 0 0 0 0 0 0 0 0 0 0 0 0 0 0 0 0 0 0 0 0 0 0 0 0 0 0 0 0 0 0 0 0 0 0 0 0 0 0 0 0 0 0 0 0 0 0 0 0 0 0 0 0 0 0 0 0 0 0 0 0 0 0 0 0 0 0 0 0 0 0 0 0 0 0 0 0 0 0 0 0 0 0 0 0 0 0 0 0 0 0 0 0 0 0 0 0 0 0 0 0 0 0 0 0 0 0 0 0 0 0 0 0 0 0 0 0 0 0 0 0 0 0 0 0 0 0 0 0 0 0 0 0 0 0 0 0 0 0 0 0 0 0 0 0 0 0 0 0 0 0 0 0 0 0 0 0 0 0 0 0 0 0 0 0 0 0 0 0 0 0 0 0 0 0 0 0 0 0 0 0 0 0 0 0 0 0 0 0 0 0 0 0 0 0 0 0 0 0 0 0 0 0 0 0 0 0 0 0 0 0 0 0 0 0 0 0 0 0 0 0 0 0 0 0 0 0 0 0 0 0 0 0 0 0 0 0 0 0 0 0 0 0 0 0 0 0 0 0 0 0 0 0 0 0 0 0 0 0 0 0 0 0 0 0 0 0 0 0 0 0 0 0 0 0 0 0 0 0 0 0 0 0 0 0 0 0 0 0 0 0 0 0 0 0 0 0 0 0 0 0 0 0 0 0 0 0 0 0 0 0 0 0 0 0 0 0
 -1.02849 -0.975116 -0.374868 -0.367368 -0.251837 -0.155593 0.199768 0.224289 0.260581 0.402535 0.412784 0.59397 0.615795 0.654421 0.68066 0.897274 0.923932 1.02529 1.17574 1.19897 1.20645 1.24147 1.24751 1.30747 1.31449 1.3401 1.34377 1.35944 1.3665 1.37242 1.44288 1.55216 1.56292 1.59503 1.68818 1.72588 1.73397 1.76786 1.79384 1.80914 1.83663 1.89765 2.02513 2.03312 2.08995 2.10883 2.11076 2.32071 2.38992 2.58298 2.64323 2.79247 2.84511 2.8543 2.85582 2.87798 2.94105 2.97215 3.00459 3.0075 3.01687 3.12652 3.15597 3.16013 3.20634 3.29706 3.4326 3.44234 3.50002 3.53669 3.68344 3.72059 3.82473 3.83922 3.9139 3.91912 3.95055 3.95962 3.96292 4.01574 4.01855 4.01893 4.03725 4.05268 4.13148 4.23703 4.29699 4.32621 4.34093 4.37709 4.46126 4.46666 4.46827 4.4951 4.53698 4.54337 4.58473 4.6785 4.73969 4.7845 4.94383 5.01895 5.04369 5.07393 5.09703 5.16389 5.1832 5.20717 5.23748 5.24901 5.26705 5.30292 5.42434 5.42551 5.43488 5.68777 5.76519 5.86747 5.97608 6.05076 6.24897 6.30591 6.31299 6.42694 6.59512 0 0 0 0 0 0 0 0 0 0 0 0 0 0 0 0 0 0 0 0 0 0 0 0 0 0 0 0 0 0 0 0 0 0 0 0 0 0 0 0 0 0 0 0 0 0 0 0 0 0 0 0 0 0 0 0 0 0 0 0 0 0 0 0 0 0 0 0 0 0 0 0 0 0 0 0 0 0 0 0 0 0 0 0 0 0 0 0 0 0 0 0 0 0 0 0 0 0 0 0 0 0 0 0 0 0 0 0 0 0 0 0 0 0 0 0 0 0 0 0 0 0 0 0 0 0 0 0 0 0 0 0 0 0 0 0 0 0 0 0 0 0 0 0 0 0 0 0 0 0 0 0 0 0 0 0 0 0 0 0 0 0 0 0 0 0 0 0 0 0 0 0 0 0 0 0 0 0 0 0 0 0 0 0 0 0 0 0 0 0 0 0 0 0 0 0 0 0 0 0 0 0 0 0 0 0 0 0 0 0 0 0 0 0 0 0 0 0 0 0 0 0 0 0 0 0 0 0 0 0 0 0 0 0 0 0 0 0 0 0 0 0 0 0 0 0 0 0 0 0 0 0 0 0 0 0 0 0 0 0 0 0 0 0 0 0 0 0 0 0 0 0 0 0 0 0 0 0 0 0 0 0 0 0 0 0 0 0 0 0 0 0 0 0 0 0 0 0 0 0 0 0 0 0 0 0 0 0 0 0 0 0 0 0 0 0 0 0 0 0 0 0 0 0 0 0 0 0 0 0 0 0 0 0 0 0 0 0 0 0 0 0 0 0 0 0 0 0 0 0 0 0 0 0 0 0 0 0 0 0 0 0 0 0 0 0 0 0 0 0 0 0 0 0 0
 -0.1536 -0.145603 -0.0190315 2.78863e-05 0.00764127 0.0785433 0.1279 0.198352 0.226981 0.264315 0.26447 0.434505 0.470882 0.483785 0.512817 0.538697 0.562908 0.600718 0.628346 0.656789 0.674709 0.745916 0.909533 0.944969 0.979625 1.10464 1.13309 1.2156 1.39591 1.40547 1.4785 1.48807 1.49759 1.52081 1.54004 1.5897 1.64872 1.74322 1.77235 1.84609 1.84787 1.88434 1.97984 2.08502 2.08761 2.1368 2.15201 2.16533 2.21514 2.26113 2.50471 2.51383 2.59554 2.80752 2.92259 2.97829 2.98699 3.0104 3.0268 3.05302 3.05657 3.21456 3.27394 3.30162 3.34781 3.41141 3.43053 3.47883 3.48825 3.53934 3.53955 3.59963 3.70492 3.71543 3.73192 3.80196 3.80269 3.81279 3.90529 3.90731 3.92855 4.10297 4.16368 4.20755 4.23739 4.29189 4.30034 4.32618 4.32621 4.33051 4.41463 4.43042 4.68962 4.73084 4.73428 4.74855 4.87853 4.90106 4.9177 5.00943 5.02796 5.12678 5.21 5.2894 5.4122 5.442 5.44661 5.4679 5.47535 5.64154 5.64585 5.68612 5.78492 5.8041 5.93868 6.00044 6.01087 6.09345 6.2565 6.25721 6.55315 6.64938 6.8596 7.0828 7.15441 0 0 0 0 0 0 0 0 0 0 0 0 0 0 0 0 0 0 0 0 0 0 0 0 0 0 0 0 0 0 0 0 0 0 0 0 0 0 0 0 0 0 0 0 0 0 0 0 0 0 0 0 0 0 0 0 0 0 0 0 0 0 0 0 0 0 0 0 0 0 0 0 0 0 0 0 0 0 0 0 0 0 0 0 0 0 0 0 0 0 0 0 0 0 0 0 0 0 0 0 0 0 0 0 0 0 0 0 0 0 0 0 0 0 0 0 0 0 0 0 0 0 0 0 0 0 0 0 0 0 0 0 0 0 0 0 0 0 0 0 0 0 0 0 0 0 0 0 0 0 0 0 0 0 0 0 0 0 0 0 0 0 0 0 0 0 0 0 0 0 0 0 0 0 0 0 0 0 0 0 0 0 0 0 0 0 0 0 0 0 0 0 0 0 0 0 0 0 0 0 0 0 0 0 0 0 0 0 0 0 0 0 0 0 0 0 0 0 0 0 0 0 0 0 0 0 0 0 0 0 0 0 0 0 0 0 0 0 0 0 0 0 0 0 0 0 0 0 0 0 0 0 0 0 0 0 0 0 0 0 0 0 0 0 0 0 0 0 0 0 0 0 0 0 0 0 0 0 0 0 0 0 0 0 0 0 0 0 0 0 0 0 0 0 0 0 0 0 0 0 0 0 0 0 0 0 0 0 0 0 0 0 0 0 0 0 0 0 0 0 0 0 0 0 0 0 0 0 0 0 0 0 0 0 0 0 0 0 0 0 0 0 0 0 0 0 0 0 0 0 0 0 0 0 0 0 0 0 0 0 0 0 0 0 0 0 0 0 0 0 0 0 0 0 0
 -0.464288 -0.212155 -0.196214 0.0863736 0.194171 0.429154 0.517979 0.59946 0.658421 0.716046 0.763913 0.795127 0.807872 0.830296 0.912758 1.0799 1.09586 1.16202 1.19539 1.30152 1.36164 1.42256 1.42944 1.43424 1.44461 1.51447 1.53664 1.54643 1.56088 1.59978 1.6229 1.64561 1.76199 1.78125 1.81699 1.87457 1.89858 1.93416 1.95835 1.99033 2.11053 2.12377 2.13926 2.14731 2.16913 2.22238 2.2413 2.26056 2.27308 2.48991 2.49428 2.52765 2.56583 2.58106 2.64807 2.70166 2.81318 2.83667 2.94979 3.02322 3.11509 3.12906 3.16812 3.20043 3.23492 3.27422 3.30343 3.34537 3.38271 3.42382 3.4372 3.54668 3.60722 3.65744 3.68443 3.72098 3.73486 3.86673 3.91094 3.95625 3.98829 4.00401 4.00993 4.05627 4.22937 4.38315 4.41124 4.46979 4.51452 4.67053 4.68258 4.68448 4.69948 4.73545 4.76906 4.85778 4.8966 4.96732 4.97049 4.98932 4.99329 5.02243 5.06809 5.17934 5.18836 5.19287 5.33116 5.39835 5.40064 5.40375 5.43107 5.45872 5.4964 5.50088 5.56715 5.7391 5.77716 5.85518 5.87252 6.04234 6.2375 6.28555 6.35746 6.4575 6.79661 0 0 0 0 0 0 0 0 0 0 0 0 0 0 0 0 0 0 0 0 0 0 0 0 0 0 0 0 0 0 0 0 0 0 0 0 0 0 0 0 0 0 0 0 0 0 0 0 0 0 0 0 0 0 0 0 0 0 0 0 0 0 0 0 0 0 0 0 0 0 0 0 0 0 0 0 0 0 0 0 0 0 0 0 0 0 0 0 0 0 0 0 0 0 0 0 0 0 0 0 0 0 0 0 0 0 0 0 0 0 0 0 0 0 0 0 0 0 0 0 0 0 0 0 0 0 0 0 0 0 0 0 0 0 0 0 0 0 0 0 0 0 0 0 0 0 0 0 0 0 0 0 0 0 0 0 0 0 0 0 0 0 0 0 0 0 0 0 0 0 0 0 0 0 0 0 0 0 0 0 0 0 0 0 0 0 0 0 0 0 0 0 0 0 0 0 0 0 0 0 0 0 0 0 0 0 0 0 0 0 0 0 0 0 0 0 0 0 0 0 0 0 0 0 0 0 0 0 0 0 0 0 0 0 0 0 0 0 0 0 0 0 0 0 0 0 0 0 0 0 0 0 0 0 0 0 0 0 0 0 0 0 0 0 0 0 0 0 0 0 0 0 0 0 0 0 0 0 0 0 0 0 0 0 0 0 0 0 0 0 0 0 0 0 0 0 0 0 0 0 0 0 0 0 0 0 0 0 0 0 0 0 0 0 0 0 0 0 0 0 0 0 0 0 0 0 0 0 0 0 0 0 0 0 0 0 0 0 0 0 0 0 0 0 0 0 0 0 0 0 0 0 0 0 0 0 0 0 0 0 0 0 0 0 0 0 0 0 0 0 0 0 0 0 0
 -0.0768486 -0.0587658 -0.0284462 0.0347429 0.166306 0.207835 0.39184 0.44433 0.480514 0.48067 0.639506 0.673875 0.69492 0.713037 0.76628 0.774378 0.776798 0.788295 0.814946 0.860185 0.86355 0.955242 1.02047 1.07408 1.21242 1.32813 1.53305 1.56328 1.63882 1.6648 1.66911 1.68492 1.7401 1.8049 1.83594 1.83878 1.84785 1.90327 1.92825 1.95708 2.00147 2.19585 2.27029 2.33809 2.49819 2.50976 2.52639 2.53923 2.55481 2.6447 2.70453 2.77137 2.77279 2.78491 2.85941 2.87501 2.9306 2.93067 3.03441 3.03796 3.12069 3.22684 3.26953 3.32273 3.35465 3.40467 3.44052 3.4489 3.53757 3.55169 3.62541 3.67977 3.7889 3.88845 3.89058 3.98587 4.05868 4.16645 4.18434 4.23409 4.24737 4.24976 4.25255 4.32058 4.37401 4.40907 4.44318 4.44362 4.4521 4.45657 4.56235 4.56248 4.57954 4.67253 4.76445 4.85773 4.89269 4.89363 5.0228 5.213 5.21939 5.23094 5.25156 5.29805 5.32459 5.33129 5.36117 5.42204 5.42352 5.44879 5.57093 5.69099 5.6924 5.69399 5.71543 5.7926 5.83021 5.84523 5.88185 5.94009 5.96947 6.08056 6.08917 6.51782 6.80614 0 0 0 0 0 0 0 0 0 0 0 0 0 0 0 0 0 0 0 0 0 0 0 0 0 0 0 0 0 0 0 0 0 0 0 0 0 0 0 0 0 0 0 0 0 0 0 0 0 0 0 0 0 0 0 0 0 0 0 0 0 0 0 0 0 0 0 0 0 0 0 0 0 0 0 0 0 0 0 0 0 0 0 0 0 0 0 0 0 0 0 0 0 0 0 0 0 0 0 0 0 0 0 0 0 0 0 0 0 0 0 0 0 0 0 0 0 0 0 0 0 0 0 0 0 0 0 0 0 0 0 0 0 0 0 0 0 0 0 0 0 0 0 0 0 0 0 0 0 0 0 0 0 0 0 0 0 0 0 0 0 0 0 0 0 0 0 0 0 0 0 0 0 0 0 0 0 0 0 0 0 0 0 0 0 0 0 0 0 0 0 0 0 0 0 0 0 0 0 0 0 0 0 0 0 0 0 0 0 0 0 0 0 0 0 0 0 0 0 0 0 0 0 0 0 0 0 0 0 0 0 0 0 0 0 0 0 0 0 0 0 0 0 0 0 0 0 0 0 0 0 0 0 0 0 0 0 0 0 0 0 0 0 0 0 0 0 0 0 0 0 0 0 0 0 0 0 0 0 0 0 0 0 0 0 0 0 0 0 0 0 0 0 0 0 0 0 0 0 0 0 0 0 0 0 0 0 0 0 0 0 0 0 0 0 0 0 0 0 0 0 0 0 0 0 0 0 0 0 0 0 0 0 0 0 0 0 0 0 0 0 0 0 0 0 0 0 0 0 0 0 0 0 0 0 0 0 0 0 0 0 0 0 0 0 0 0 0 0 0 0 0 0 0 0
