    13.2188579290949    0    141    141    147    146    141    141    141    147    141    141    124    110    146    116    123    113    105    109    141    112    141
     13.221295843644    0    178    178    158    185    187    187    178    170    164    167    171    189    188    191    161    178    158    178    178    178    178
    14.1997547285809    0    373    373    360    373    365    373    373    373    373    373    388    373    386    367    385    373    373    373    356    386    373
    14.5134307927553    0    285    285    292    285    285    285    293    285    285    289    293    285    285    285    293    285    251    259    285    285    295
    14.7874682725726    0    436    436    436    405    436    419    436    440    436    441    436    421    436    442    436    436    412    418    443    436    442
    16.5675749544729    0     54     70     75     54     67     77     76     54     54     54     54     76     77     54     54     71     54     70     54     54     54
    17.4769467290938    0    257    257    259    257    257    257    257    257    257    265    250    257    257    257    250    257    270    257    257    257    261
    17.8125818182376    0    487    487    487    487    453    492    487    470    465    487    487    487    487    487    462    458    487    458    464    487    494
    18.4242376689394    0    173    157    151    181    155    150    173    187    184    187    174    158    174    187    166    173    162    173    173    173    173
    19.3799577978933    0     85     85     73     85     92     66     92     85     85     85     85     91     69     85     85     92     85     94     85     85     85
    20.0571242290002    0    388    388    395    388    395    388    388    388    388    388    396    388    396    394    392    388    388    388    393    395    388
    20.8519635302728    0    479    479    479    479    465    471    479    459    489    479    479    479    479    479    490    490    479    491    472    479    489
    22.7596842311488    0    101    102    125    126    101    101    101    117    101    101    126    125    101    100    126    125    113    126    101    104    101
    23.4556696562048    0     66     73     83     66     82     84     82     66     66     66     66     82     71     66     66     84     66     85     66     66     66
    24.9606415050492    0    125    125    139    102    125    125    125    110    125    125    139    114    138    104    137    121    104    103    125    103    125
    26.2330133591983    0    104    121    128    112    104    104    104    126    104    104    128    120    111    101    119    123    102    129    104    128    104
    26.6377411579775    0     64     56     61     64     68     82     58     64     64     64     64     72     60     64     64     82     64     83     64     64     64
    28.7181915924318    0    288    288    293    288    288    288    272    288    288    256    294    288    288    288    256    288    274    293    288    288    255
     29.017283177973    0    279    279    265    279    279    279    256    279    279    259    269    279    279    279    262    279    289    290    279    279    291
    30.6678978321386    0    467    467    467    467    482    480    467    456    457    467    467    467    467    467    484    486    467    484    484    467    460
    31.1592742870789    0    100    119    109    125    100    100    100    125    100    100    125    119    125    107    125    115    125    125    100    125    100
    31.3942142493265    0    142    142    110    147    142    142    142    122    142    142    146    122    115    113    144    122    112    147    142    145    142
    31.6755533733837    0    419    419    419    434    419    400    419    431    419    422    419    433    419    435    419    419    436    437    406    419    434
    32.9403265758801    0    349    349    349    349    309    349    349    349    323    302    349    349    306    324    349    349    349    349    349    349    349
    33.5496373456889    0    223    224    223    207    223    223    210    223    239    223    203    223    223    223    223    237    223    223    239    218    223
    33.6230608501195    0      2      5      2     26      2      2     27      2     11     26      2      2      2      2      2      2      2      2     16      2      2
    35.1256985355159    0    205    207    205    227    205    205    217    205    227    205    215    205    205    205    205    228    205    205    230    228    230
    37.2986553459131    0     14     24     14     32     14     10     32     14     33     13     14     14     14     14     14     14     14     14      7     33     14
    38.3864696939373    0    297    297    273    297    297    297    265    297    297    298    298    297    297    297    272    297    263    254    297    297    265
    39.4290046026691    0    241    241    241    202    241    241    200    241    224    241    209    241    241    241    241    244    241    241    221    243    224
    40.0091013178017    0    289    289    294    289    289    289    260    289    289    291    270    289    289    289    261    289    294    294    289    289    260
     41.323406527946    0     30     30     30     37     30     43     19     30     42     41     30     30     30     30     30     30     30     30     37     40     30
    42.7594071786526    0    422    422    422    436    422    437    422    417    422    434    422    435    422    416    422    422    438    439    420    422    404
    44.6522693005391    0    220    208    220    234    220    220    202    220    207    220    236    220    220    220    220    235    220    220    237    217    222
    44.7114057952431    0    329    329    329    329    336    329    339    340    306    324    329    339    339    314    329    339    318    329    329    341    339
    45.5259951428239    0    266    266    283    266    266    266    282    266    266    284    273    266    266    266    271    266    260    283    266    266    269
    46.3532171247208    0    212    200    212    230    212    212    232    212    231    212    202    212    212    212    212    231    212    212    217    210    235
    47.7286571850193    0    359    359    382    359    354    359    359    359    359    359    380    359    378    377    368    359    359    359    360    359    359
    49.0265509499114    0    138    138    106    110    138    138    138    105    138    138    119    113    144    102    112    142    145    145    138    119    138
    50.7727350023268    0     12     18     12     30     12     21      8     12     31     31     12     12     12     12     12     12     12     12     31     32     12
     54.316139376137    0    229    229    229    213    229    229    214    229    206    229    241    229    229    229    229    221    229    229    200    214    204
    54.4687167248747    0    437    437    437    422    437    409    437    400    437    442    437    442    437    443    437    437    409    445    444    437    443
    54.8296127799371    0    209    223    209    208    209    209    229    209    203    209    206    209    209    209    209    230    209    209    203    200    233
    55.1923300346125    0    151    161    157    175    156    159    151    175    169    176    175    168    176    175    175    151    160    151    151    151    151
     55.773352714548    0    347    347    347    347    348    347    348    347    348    349    347    347    348    348    347    347    307    347    347    348    348
    56.8520186421336    0    234    234    234    240    234    234    208    234    214    234    213    234    234    234    234    242    234    234    204    239    242
    57.2169255346064    0    195    195    197    154    153    172    195    197    173    196    195    166    166    164    158    195    159    195    195    195    195
     57.393676342638    0    215    209    215    231    215    215    205    215    219    215    231    215    215    215    215    220    215    215    234    207    201
    58.9515180337407    0    160    154    160    157    164    161    160    167    170    170    156    179    168    170    157    160    182    160    160    160    160
     59.094823931695    0    206    222    206    228    206    206    227    206    209    206    219    206    206    206    206    217    206    206    218    219    231
    61.2804617302873    0    389    389    396    389    396    389    389    389    389    389    353    389    397    395    356    389    389    389    394    353    389
    61.9585799824825    0    162    165    179    158    179    178    162    181    158    158    164    180    183    162    179    162    184    162    162    162    162
    64.7763734873447    0    279    279    265    279    279    279    256    279    279    259    269    279    279    279    262    279    289    290    279    279    291
    64.8594479094905    0    182    182    190    189    160    174    182    192    191    160    168    151    190    192    189    182    168    182    182    182    182
    65.8077695306064    0    361    361    383    361    353    361    361    361    361    361    354    361    379    379    378    361    361    361    379    379    361
    66.4343939073688    0    345    345    345    345    347    345    347    323    347    313    345    346    320    317    345    346    302    345    345    303    320
     66.900130961056    0     10     10     10     28     10     29     31     10     30     15     10     10     10     10     10     10     10     10      8     30     10
    70.1752435418129    0    189    189    194    192    170    163    189    160    151    168    191    194    152    153    171    189    195    189    189    189    189
    71.4400119223656    0     85     85     73     85     92     66     92     85     85     85     85     91     69     85     85     92     85     94     85     85     85
    72.4349723378475    0    409    409    409    430    409    431    409    426    409    428    409    418    409    428    409    409    405    431    429    409    430
     72.808185927928    0    156    153    176    165    177    176    156    178    178    151    166    178    170    151    153    156    179    156    156    156    156
    77.7453229488046    0    212    200    212    230    212    212    232    212    231    212    202    212    212    212    212    231    212    212    217    210    235
    78.2344435449921    0    462    462    462    462    479    459    462    479    481    462    462    462    462    462    480    482    462    470    482    462    481
    80.2228498262962    0    365    365    384    365    366    365    365    365    365    365    373    365    382    350    380    365    365    365    382    381    365
    81.1952423547143    0    367    367    386    367    383    367    367    367    367    367    357    367    383    382    352    367    367    367    384    383    367
    81.7593756187629    0     17     16     17     19     17     33     33     17     12     33     17     17     17     17     17     17     17     17     33     35     17
    82.0182884718808    0    451    451    451    451    469    475    451    475    476    451    451    451    451    451    475    457    451    450    468    451    462
    82.0622584256084    0    241    241    241    202    241    241    200    241    224    241    209    241    241    241    241    244    241    241    221    243    224
    82.4433990633489    0    414    414    414    431    414    422    414    420    414    410    414    429    414    410    414    414    421    411    434    414    420
    85.6911159807059    0     67     57     84     67     63     85     83     67     67     67     67     65     84     67     67     60     67     69     67     67     67
    88.5859183068886    0      2      5      2     26      2      2     27      2     11     26      2      2      2      2      2      2      2      2     16      2      2
    89.3118456052664    0    250    250    252    250    250    250    250    250    250    258    268    250    250    250    275    250    275    253    250    250    275
     90.950596051406    0    475    475    475    475    466    486    475    452    485    475    475    475    475    475    468    463    475    488    489    475    450
    91.5965381621975    0    487    487    487    487    453    492    487    470    465    487    487    487    487    487    462    458    487    458    464    487    494
    93.6406428351913    0     75     75     66     75     87     91     54     75     75     75     75     87     74     75     75     58     75     66     75     75     75
    94.5475750806508    0     30     30     30     37     30     43     19     30     42     41     30     30     30     30     30     30     30     30     37     40     30
    95.5422246794391    0    483    483    483    483    470    490    483    493    493    483    483    483    483    483    491    491    483    468    494    483    490
    95.6610639858373    0    485    485    485    485    467    491    485    463    495    485    485    485    485    485    451    493    485    461    467    485    492
    96.4638847908394    0    201    213    201    210    201    201    207    201    210    201    226    201    201    201    201    225    201    201    226    220    226
    97.9580825598859    0    171    156    184    180    182    184    171    159    162    166    183    185    187    167    151    171    157    171    171    171    171
    100.487757537999    0    163    167    159    178    180    179    163    156    161    181    153    171    157    171    180    163    185    163    163    163    163
    100.774976356273    0    458    458    458    458    455    477    458    451    480    458    458    458    458    458    478    478    458    473    479    458    479
     100.91208726775    0    178    178    158    185    187    187    178    170    164    167    171    189    188    191    161    178    158    178    178    178    178
    101.284401791962    0     82     82     51     82     60     62     90     82     82     82     82     90     61     82     82     65     82     54     82     82     82
    101.608530446853    0     41     41     41     22     41      0     45     41     43     46     41     41     41     41     41     41     41     41     44     46     41
    104.141308234631    0    136    136    144    144    136    136    136    120    136    136    145    147    113    143    120    111    108    144    136    142    136
     105.98200664533    0    129    129    141    113    129    129    129    139    129    129    123    143    104    138    124    138    141    115    129    139    129
    108.893758999451    0     39     39     39     11     39     47     23     39     17     45     39     39     39     39     39     39     39     39     15     44     39
    108.992272400283    0    261    261    260    261    261    261    279    261    261    281    255    261    261    261    282    261    280    281    261    261    250
    111.591576663852    0    453    453    453    453    476    467    453    476    469    453    453    453    453    453    477    455    453    465    462    453    456
    112.393274542112    0    487    487    487    487    453    492    487    470    465    487    487    487    487    487    462    458    487    458    464    487    494
    114.437487470848    0    301    301    301    301    311    301    324    326    302    326    301    304    325    325    301    318    326    301    301    319    316
    117.257660698807    0    114    114    116    131    114    114    114    133    114    114    134    132    131    130    105    131    132    135    114    100    114
    119.396988007177    0    464    464    464    464    459    468    464    481    483    464    464    464    464    464    482    484    464    482    483    464    454
    119.906674794749    0    418    418    418    410    418    435    418    430    418    433    418    432    418    434    418    418    435    436    435    418    412
    120.037257050442    0    475    475    475    475    466    486    475    452    485    475    475    475    475    475    468    463    475    488    489    475    450
    120.176216567418    0     86     86     68     86     64     96     93     86     86     86     86     92     94     86     86     52     86     58     86     86     86
    120.295746722824    0    494    494    494    494    496    497    494    498    461    494    494    494    494    494    467    498    494    463    498    494    464
    120.850344839757    0     96     96     72     96     98     68     50     96     96     96     96     61     97     96     96     63     96     72     96     96     96
    120.994273912549    0    460    460    460    460    456    455    460    464    460    460    460    460    460    460    479    480    460    480    473    460    458
    121.472506485286    0    376    376    389    376    362    376    376    376    376    376    364    376    370    385    360    376    376    376    387    387    376
    122.274910906765    0     23      2     23     34     23     38     39     23     38     24     23     23     23     23     23     23     23     23     36     37     23
    122.829820415763    0    489    489    489    489    492    494    489    457    473    489    489    489    489    489    493    496    489    494    495    489    496
    124.201905248136    0    455    455    455    455    451    460    455    471    474    455    455    455    455    455    465    465    455    477    453    455    477
    124.347692671521    0    438    438    438    409    438    406    438    441    438    443    438    443    438    418    438    438    410    446    400    438    424
     125.17142994103    0     62     69     59     62     80     81     81     62     62     62     62     55     82     62     62     70     62     81     62     62     62
    125.831675967723    0    479    479    479    479    465    471    479    459    489    479    479    479    479    479    490    490    479    491    472    479    489
    126.154563250919    0    328    328    328    328    315    328    338    320    337    341    328    317    338    305    328    305    341    328    328    305    338
    127.754661774433    0    139    139    146    115    139    139    139    145    139    139    113    112    122    145    118    143    123    146    139    143    139
    129.771682877556    0    300    300    300    300    325    300    321    325    304    325    300    325    307    319    300    325    325    300    300    304    301
    130.119986098404    0    330    330    330    330    337    330    340    317    338    312    330    300    340    313    330    340    342    330    330    313    340
    130.312069819929    0    477    477    477    477    471    487    477    455    487    477    477    477    477    477    473    452    477    462    491    477    488
    131.210177232257    0      2      5      2     26      2      2     27      2     11     26      2      2      2      2      2      2      2      2     16      2      2
    131.502625071455    0     76     76     53     76     88     92     69     76     76     76     76     88     88     76     76     51     76     89     76     76     76
    131.574966555047    0    491    491    491    491    454    496    491    465    452    491    491    491    491    491    474    459    491    495    452    491    471
    132.687334203916    0    469    469    469    469    484    454    469    462    462    469    469    469    469    469    486    471    469    453    486    469    484
    133.303790882176    0    335    335    335    335    306    335    323    343    342    314    335    322    310    300    335    315    312    335    335    344    307
    133.525308452411    0    360    360    356    360    380    360    360    360    360    360    381    360    360    378    361    360    360    360    378    366    360
    136.310941458118    0    349    349    349    349    309    349    349    349    323    302    349    349    306    324    349    349    349    349    349    349    349
    137.165499553184    0    222    218    222    236    222    222    237    222    238    222    217    222    222    222    222    212    222    222    219    206    219
     137.29240748424    0    201    213    201    210    201    201    207    201    210    201    226    201    201    201    201    225    201    201    226    220    226
    137.827817940211    0    400    400    400    420    400    425    400    424    400    417    400    422    400    425    400    400    415    425    413    400    425
    137.992266221345    0    308    308    308    308    304    308    328    301    308    316    308    329    322    329    308    330    301    308    308    323    326
    138.291673151626    0    239    239    239    203    239    239    244    239    218    239    207    239    239    239    239    224    239    239    211    242    245
    138.992912384038    0    137    137    145    145    137    137    137    144    137    137    115    148    123    144    102    124    144    121    137    108    137
    139.030061993433    0     18     14     18      1     18     16     34     18     13     34     18     18     18     18     18     18     18     18     19      9     18
    139.558229968708    0    203    216    203    224    203    203    226    203    226    203    220    203    203    203    203    202    203    203    228    227    228
    139.749183842027    0    481    481    481    481    488    463    481    491    491    481    481    481    481    481    463    450    481    474    493    481    455
    140.491016934323    0    336    336    336    336    310    336    306    344    314    343    336    341    321    342    336    341    345    336    336    345    302
     143.21218019084    0    480    480    480    480    450    489    480    460    490    480    480    480    480    480    459    474    480    451    492    480    473
    143.252296629117    0    466    466    466    466    481    479    466    483    484    466    466    466    466    466    469    485    466    483    451    466    468
    143.701774423206    0    294    294    297    294    294    294    258    294    294    295    296    294    294    294    296    294    297    296    294    294    252
    144.979572346975    0    356    356    380    356    377    356    356    356    356    356    378    356    371    370    367    356    356    356    374    370    356
    145.272320834844    0    311    311    311    311    321    311    318    306    328    332    311    318    329    309    311    331    311    311    311    324    323
     146.44758907732    0    476    476    476    476    461    452    476    489    486    476    476    476    476    476    470    470    476    489    490    476    487
    147.752988269989    0    215    209    215    231    215    215    205    215    219    215    231    215    215    215    215    220    215    215    234    207    201
    149.665947101375    0    464    464    464    464    459    468    464    481    483    464    464    464    464    464    482    484    464    482    483    464    454
    151.035958235663    0    200    217    200    225    200    200    225    200    225    200    225    200    200    200    200    214    200    200    225    225    225
    152.676377418265    0    287    287    264    287    287    287    251    287    287    290    254    287    287    287    252    287    293    260    287    287    270
    153.170061068677    0    135    135    143    143    135    135    135    119    135    135    144    146    103    142    115    104    143    143    135    141    135
    155.613041474295    0     70     53     87     70     84     87     52     70     70     70     70     66     50     70     70     53     70     65     70     70     70
    155.774697698907    0    438    438    438    409    438    406    438    441    438    443    438    443    438    418    438    438    410    446    400    438    424
    156.489941815398    0     57     52     76     57     71     51     78     57     57     57     57     64     79     57     57     79     57     78     57     57     57
    158.569626857542    0    103    101    127    120    103    103    103    114    103    103    112    105    127    119    127    126    118    128    103    127    103
    160.265888215867    0    240    240    240    218    240    240    245    240    247    240    224    240    240    240    240    223    240    240    207    216    246
    160.860142517548    0     52     64     52     52     73     76     75     52     52     52     52     75     72     52     52     77     52     75     52     52     52
    161.611541938557    0     22     23     22     21     22     37     38     22     37     37     22     22     22     22     22     22     22     22     18     24     22
    162.624355311525    0    285    285    292    285    285    285    293    285    285    289    293    285    285    285    293    285    251    259    285    285    295
    163.192924658848    0    260    260    266    260    260    260    266    260    260    280    281    260    260    260    281    260    279    268    260    260    282
     167.57320644019    0    443    443    443    446    443    445    443    444    443    447    443    448    443    446    443    443    446    406    408    443    445
    168.205253147579    0    412    412    412    419    412    415    412    423    412    431    412    428    412    431    412    412    431    433    432    412    433
    169.396022997881    0    400    400    400    420    400    425    400    424    400    417    400    422    400    425    400    400    415    425    413    400    425
    171.994775674288    0    371    371    364    371    386    371    371    371    371    371    386    371    356    351    384    371    371    371    373    369    371
    172.534548829783    0    486    486    486    486    490    456    486    495    467    486    486    486    486    486    492    494    486    454    461    486    493
    172.679762646762    0    470    470    470    470    485    482    470    450    459    470    470    470    470    470    487    461    470    485    469    470    459
    172.954046109555    0    257    257    259    257    257    257    257    257    257    265    250    257    257    257    250    257    270    257    257    257    261
    173.660468662691    0    176    176    165    183    185    166    176    189    187    189    185    188    159    166    184    176    163    176    176    176    176
    173.892140347584    0    166    150    182    173    181    170    166    184    182    183    179    173    185    181    162    166    188    166    166    166    166
    174.225624312111    0    313    313    313    313    330    313    322    332    307    333    313    330    317    301    313    303    324    313    313    332    329
    176.309705997622    0    342    342    342    342    317    342    314    346    318    347    342    306    305    346    342    304    313    342    342    321    303
    177.020629725774    0    381    381    392    381    374    381    381    381    381    381    352    381    358    360    389    381    381    381    389    390    381
    177.498191105335    0    214    215    214    214    214    214    216    214    216    214    230    214    214    214    214    200    214    214    202    205    203
    178.113265631105    0    181    181    189    188    189    156    181    152    190    162    188    163    171    174    188    181    161    181    181    181    181
    183.555864158113    0    172    155    185    171    183    185    172    158    166    150    172    186    164    186    170    172    174    172    172    172    172
    183.745244639142    0    141    141    147    146    141    141    141    147    141    141    124    110    146    116    123    113    105    109    141    112    141
    188.842817508933    0    397    397    399    397    398    397    397    397    397    397    399    397    355    363    355    397    397    397    362    361    397
      191.3907966939    0    333    333    333    333    339    333    303    342    341    303    333    305    342    307    333    306    344    333    333    302    305
    194.164607565475    0     67     57     84     67     63     85     83     67     67     67     67     65     84     67     67     60     67     69     67     67     67
    194.856677251282    0    309    309    309    309    318    309    307    310    300    330    309    315    328    308    309    302    314    309    309    330    306
    197.171882908399    0    358    358    381    358    379    358    358    358    358    358    379    358    377    354    370    358    358    358    377    363    358
    199.900030667461    0    328    328    328    328    315    328    338    320    337    341    328    317    338    305    328    305    341    328    328    305    338
    199.919088686509    0    413    413    413    418    413    418    413    427    413    432    413    419    413    432    413    413    432    402    433    413    421
    200.551300972369    0     65     65     82     65     81     83     51     65     65     65     65     68     56     65     65     83     65     84     65     65     65
    200.707186385388    0    311    311    311    311    321    311    318    306    328    332    311    318    329    309    311    331    311    311    311    324    323
    200.966809782712    0     69     61     86     69     83     86     85     69     69     69     69     84     86     69     69     72     69     87     69     69     69
     201.21919605948    0     54     70     75     54     67     77     76     54     54     54     54     76     77     54     54     71     54     70     54     54     54
    203.382164255401    0    304    304    304    304    327    304    300    321    326    327    304    326    316    306    304    327    327    304    304    326    321
     203.39679344392    0    287    287    264    287    287    287    251    287    287    290    254    287    287    287    252    287    293    260    287    287    270
    203.736006657217    0    144    144    102    108    144    144    144    149    144    144    147    124    105    147    100    146    146    148    144    146    144
    204.600588040381    0    402    402    402    425    402    427    402    411    402    403    402    404    402    400    402    402    426    426    425    402    427
    206.099826997673    0    255    255    254    255    255    255    252    255    255    277    278    255    255    255    255    255    258    277    255    255    278
    206.919374536746    0    225    225    225    237    225    225    238    225    217    225    239    225    225    225    225    238    225    225    240    234    206
    208.790744461822    0    348    348    348    348    349    348    316    348    349    317    348    348    349    349    348    348    320    348    348    309    314
    208.831313108138    0    247    247    247    248    247    247    220    247    204    247    201    247    247    247    247    248    247    247    220    248    221
    209.373341136921    0    476    476    476    476    461    452    476    489    486    476    476    476    476    476    470    470    476    489    490    476    487
    209.521766761918    0    389    389    396    389    396    389    389    389    389    389    353    389    397    395    356    389    389    389    394    353    389
    210.798499714432    0    298    298    299    298    298    298    264    298    298    299    274    298    298    298    299    298    250    255    298    298    273
    211.180518924449    0    434    434    434    443    434    444    434    438    434    404    434    441    434    417    434    434    407    410    417    434    441
    212.365536279805    0    114    114    116    131    114    114    114    133    114    114    134    132    131    130    105    131    132    135    114    100    114
    214.063880187897    0    428    428    428    412    428    401    428    435    428    406    428    408    428    439    428    428    420    408    423    428    437
    214.779979461201    0    475    475    475    475    466    486    475    452    485    475    475    475    475    475    468    463    475    488    489    475    450
    214.905690694865    0    245    245    245    246    245    245    206    245    222    245    211    245    245    245    245    201    245    245    201    222    249
    218.819672989138    0    230    230    230    216    230    230    215    230    221    230    242    230    230    230    230    218    230    230    243    208    241
    219.382297723221    0    124    122    138    137    124    124    124    137    124    124    118    141    137    135    136    109    138    139    124    117    124
    221.466054732797    0    485    485    485    485    467    491    485    463    495    485    485    485    485    485    451    493    485    461    467    485    492
    221.648027649506    0    398    398    374    398    359    398    398    398    398    398    361    398    374    366    398    398    398    398    399    398    398
    222.555644041567    0    425    425    425    406    425    439    425    410    425    436    425    436    425    409    425    425    414    440    438    425    402
    222.572514655252    0    464    464    464    464    459    468    464    481    483    464    464    464    464    464    482    484    464    482    483    464    454
    222.830717653626    0    182    182    190    189    160    174    182    192    191    160    168    151    190    192    189    182    168    182    182    182    182
     224.18862903352    0    156    153    176    165    177    176    156    178    178    151    166    178    170    151    153    156    179    156    156    156    156
     225.47630298857    0    353    353    377    353    355    353    353    353    353    353    376    353    351    368    377    353    353    353    359    375    353
    228.354386628939    0    408    408    408    429    408    430    408    406    408    427    408    423    408    401    408    408    429    430    403    408    411
     230.17112255057    0    475    475    475    475    466    486    475    452    485    475    475    475    475    475    468    463    475    488    489    475    450
    231.992384386104    0    318    318    318    318    313    318    332    308    331    322    318    333    331    318    318    321    335    318    318    335    317
    233.865687955241    0    183    183    166    190    190    164    183    150    192    156    189    153    169    156    190    183    156    183    183    183    183
    236.954806672892    0    354    354    378    354    370    354    354    354    354    354    377    354    354    361    364    354    354    354    375    376    354
    237.419556298152    0     47     47     47     47     47     48     11     47      9     48     47     47     47     47     47     47     47     47      0     15     47
    237.554281773177    0     48     48     48     48     48     49     49     48     48     49     48     48     48     48     48     48     48     48     48     49     48
    239.913179079702    0    438    438    438    409    438    406    438    441    438    443    438    443    438    418    438    438    410    446    400    438    424
    240.457091655884    0    440    440    440    445    440    405    440    412    440    444    440    445    440    408    440    440    443    405    402    440    423
    241.622726512131    0    417    417    417    433    417    434    417    413    417    420    417    424    417    420    417    417    408    435    405    417    416
    243.285182912493    0    130    130    124    109    130    130    130    140    130    130    100    144    140    108    110    118    142    141    130    140    130
     243.88857997595    0    205    207    205    227    205    205    217    205    227    205    215    205    205    205    205    228    205    205    230    228    230
    244.894431302558    0    175    175    187    182    184    186    175    162    186    188    184    187    160    189    183    175    190    175    175    175    175
    245.175771074852    0    206    222    206    228    206    206    227    206    209    206    219    206    206    206    206    217    206    206    218    219    231
    248.716488753707    0    161    170    178    177    178    169    161    180    179    180    159    167    153    179    178    161    183    161    161    161    161
    249.715439525504    0    362    362    361    362    372    362    362    362    362    362    366    362    380    369    379    362    362    362    380    380    362
    249.749512698234    0    207    219    207    201    207    207    228    207    228    207    218    207    207    207    207    219    207    207    231    229    210
    251.335069688538    0    317    317    317    317    312    317    331    303    330    336    317    301    300    333    317    313    334    317    317    334    324
    252.499417240549    0    494    494    494    494    496    497    494    498    461    494    494    494    494    494    467    498    494    463    498    494    464
    252.989593424091    0    215    209    215    231    215    215    205    215    219    215    231    215    215    215    215    220    215    215    234    207    201
    253.011133221735    0     81     81     71     81     54     95     89     81     81     81     81     74     91     81     81     91     81     92     81     81     81
    253.687911578035    0    474    474    474    474    472    485    474    488    463    474    474    474    474    474    450    489    474    459    488    474    486
    253.748257872497    0    355    355    379    355    357    355    355    355    355    355    360    355    353    352    363    355    355    355    364    377    355
    256.405230218473    0    217    220    217    232    217    217    234    217    234    217    233    217    217    217    217    233    217    217    235    223    217
    256.695207192436    0     22     23     22     21     22     37     38     22     37     37     22     22     22     22     22     22     22     22     18     24     22
    257.864143732079    0    384    384    393    384    394    384    384    384    384    384    394    384    393    371    354    384    384    384    366    392    384
    257.972944548371    0    385    385    355    385    360    385    385    385    385    385    369    385    394    391    390    385    385    385    367    393    385
    258.947985124629    0    354    354    378    354    370    354    354    354    354    354    377    354    354    361    364    354    354    354    375    376    354
    259.033065178266    0    376    376    389    376    362    376    376    376    376    376    364    376    370    385    360    376    376    376    387    387    376
    259.113452374417    0    117    124    135    133    117    117    117    124    117    117    117    135    133    132    133    102    135    120    117    134    117
    259.793724626257    0     68     50     85     68     51     69     84     68     68     68     68     83     85     68     68     85     68     86     68     68     68
    260.005699816656    0     24     20     24      9     24     15     40     24     10     38     24     24     24     24     24     24     24     24     12      3     24
    260.723890946571    0    492    492    492    492    494    453    492    497    455    492    492    492    492    492    471    462    492    496    496    492    472
    261.480945235167    0    410    410    410    417    410    407    410    408    410    429    410    427    410    429    410    410    403    432    430    410    431
    263.022957923633    0    108    100    120    119    108    108    108    128    108    108    107    116    102    127    129    117    101    132    108    101    108
    265.126534744191    0    132    132    105    140    132    132    132    142    132    132    142    117    142    139    121    140    110    142    132    106    132
    265.775521277239    0     83     83     69     83     52     74     71     83     83     83     83     67     92     83     83     59     83     93     83     83     83
    266.669285731258    0    140    140    117    111    140    140    140    146    140    140    102    118    145    146    143    144    116    113    140    144    140
    267.402729147846    0    491    491    491    491    454    496    491    465    452    491    491    491    491    491    474    459    491    495    452    491    471
    267.710439270176    0    342    342    342    342    317    342    314    346    318    347    342    306    305    346    342    304    313    342    342    321    303
    267.814550200063    0    465    465    465    465    480    464    465    482    464    465    465    465    465    465    483    464    465    466    454    465    482
    269.494281682804    0    489    489    489    489    492    494    489    457    473    489    489    489    489    489    493    496    489    494    495    489    496
    270.058757725407    0    333    333    333    333    339    333    303    342    341    303    333    305    342    307    333    306    344    333    333    302    305
    270.201339113415    0    356    356    380    356    377    356    356    356    356    356    378    356    371    370    367    356    356    356    374    370    356
    270.956204506773    0    421    421    421    404    421    408    421    432    421    407    421    415    421    404    421    421    419    421    416    421    413
    273.750073623301    0    109    115    131    103    109    109    109    129    109    109    131    128    128    122    130    128    128    117    109    105    109
    274.438140822526    0    245    245    245    246    245    245    206    245    222    245    211    245    245    245    245    201    245    245    201    222    249
    274.486406289433    0     10     10     10     28     10     29     31     10     30     15     10     10     10     10     10     10     10     10      8     30     10
    276.793238186839    0     40     40     40     43     40      6      2     40     19     12     40     40     40     40     40     40     40     40     43     45     40
    278.976059694962    0    357    357    370    357    378    357    357    357    357    357    368    357    352    358    358    357    357    357    376    378    357
    282.273806477438    0    358    358    381    358    379    358    358    358    358    358    379    358    377    354    370    358    358    358    377    363    358
    283.248486743438    0     45     45     45      6     45     18     20     45      8     47     45     45     45     45     45     45     45     45      9     47     45
    284.111886642422    0    430    430    430    440    430    442    430    436    430    438    430    439    430    440    430    430    413    419    422    430    439
    284.207259137228    0    379    379    390    379    391    379    379    379    379    379    356    379    389    388    388    379    379    379    358    388    379
    284.233025274175    0     18     14     18      1     18     16     34     18     13     34     18     18     18     18     18     18     18     18     19      9     18
     284.86741046623    0      1      1      1      2      1     26     26      1     26     25      1      1      1      1      1      1      1      1     26     12      1
    286.345078131577    0     44     44     44     46     44     13     48     44     46      7     44     44     44     44     44     44     44     44     14     11     44
     287.61037752636    0    463    463    463    463    468    450    463    480    482    463    463    463    463    463    481    483    463    467    470    463    474
    289.823418861401    0    281    281    250    281    281    281    291    281    281    264    258    281    281    281    291    281    291    291    281    281    272
     290.49641499597    0     86     86     68     86     64     96     93     86     86     86     86     92     94     86     86     52     86     58     86     86     86
    291.450379614311    0    329    329    329    329    336    329    339    340    306    324    329    339    339    314    329    339    318    329    329    341    339
    292.507082103869    0    102    112    126    122    102    102    102    116    102    102    127    123    126    125    103    112    109    127    102    126    102
    294.622893106068    0    485    485    485    485    467    491    485    463    495    485    485    485    485    485    451    493    485    461    467    485    492
    298.192636962668    0     67     57     84     67     63     85     83     67     67     67     67     65     84     67     67     60     67     69     67     67     67
