           1           50            0           25
           2           50           50           25
           3           50          100           25
           4           50          150           25
           5           50          200           25
           6           50          250           25
           7           50          300           25
           8           50          350           25
           9           50          400           25
          10           50          450           25
          11            0          500            0
