     0      0       114.17     -74.9893
     1      0      46.7093     -60.3461
     2      0      29.0524     -33.1478
     3      0      71.5937     -70.0777
     4      0      55.7385     -54.3145
     5      0      32.9254     -35.9332
     6      0      43.5279     -49.5972
     7      0            0            0
     8      0       32.496     -58.7146
     9      0      36.9331     -33.6061
     0      1      60.3885     -37.6852
     1      1      88.1039     -66.7649
     2      1      27.3666     -39.2188
     3      1      59.1577     -59.9346
     4      1      24.3105     -39.5696
     5      1      38.3448     -33.9483
     6      1      34.1655     -37.2317
     7      1      22.0128     -41.2723
     8      1      16.2599     -21.3327
     9      1      27.0531     -38.1265
     0      2       30.529     -37.6966
     1      2      33.2844      -28.992
     2      2      105.278     -61.8991
     3      2      66.5642     -96.3454
     4      2      44.9181     -46.1683
     5      2      16.8249     -34.6847
     6      2      13.5981     -15.0924
     7      2      42.8762     -24.4116
     8      2       33.362     -29.2807
     9      2       11.804     -22.7955
     0      3      68.0408     -77.2989
     1      3      57.7733     -63.9796
     2      3      94.6774     -49.6384
     3      3      148.733     -93.6329
     4      3      56.1948     -73.4167
     5      3      34.2878      -57.389
     6      3      53.5386     -62.2445
     7      3      37.9329     -49.8818
     8      3      62.1947     -55.1461
     9      3      48.9376     -62.6736
     0      4      46.8343     -72.5421
     1      4       26.665     -32.2903
     2      4      37.8345     -53.6534
     3      4      71.5829     -49.3459
     4      4      93.9755     -68.0415
     5      4      31.2164     -35.4211
     6      4      44.3679     -23.2945
     7      4      20.6595     -21.1451
     8      4      16.8175     -14.4975
     9      4      12.1694       -18.83
     0      5      36.8489     -32.5646
     1      5      41.0765     -31.9478
     2      5        17.18     -34.8359
     3      5      41.3946     -44.2892
     4      5      30.8263     -35.7593
     5      5      92.2934     -49.1016
     6      5      26.0285     -29.1664
     7      5      24.7141     -47.2628
     8      5      19.2114     -25.0104
     9      5            0            0
     0      6      43.8782     -49.5959
     1      6      34.9372     -32.2426
     2      6      9.37447     -22.2897
     3      6      57.0556     -63.9582
     4      6      31.1769     -45.3236
     5      6      17.2558     -41.8848
     6      6      95.2353     -66.9415
     7      6      24.5537     -12.9347
     8      6      26.6558      -37.911
     9      6       55.063     -36.3873
     0      7            0            0
     1      7      29.3219     -31.6287
     2      7      33.9648     -44.3806
     3      7      39.9796     -51.7832
     4      7      23.4752     -16.2953
     5      7      40.3964     -23.5131
     6      7      19.4692     -22.4827
     7      7      62.7545     -45.8426
     8      7            0            0
     9      7      23.9679     -15.4138
     0      8      43.2151     -41.7563
     1      8      20.4133     -15.5176
     2      8      31.7952     -39.5992
     3      8      53.9662     -72.8123
     4      8      12.8459     -22.0806
     5      8      28.9033     -11.1921
     6      8      29.1176     -31.8832
     7      8            0            0
     8      8      82.1732     -55.8244
     9      8      30.1744     -35.5984
     0      9      33.4468     -35.6519
     1      9      32.0674     -30.8228
     2      9      16.4491     -14.3728
     3      9      60.0084     -58.3865
     4      9      14.7261     -18.4105
     5      9            0            0
     6      9       43.178     -57.9093
     7      9       18.743     -21.0704
     8      9      29.0381      -34.571
     9      9      65.2505     -52.3146
