 0 1 2 3 4 5 6 7 8 9
 2 3 1 5 7 8 0 4 9 6
 3 4 2 0 8 9 1 5 6 7
 3 9 7 6 1 0 5 4 2 8
 8 9 0 3 1 2 7 5 4 6
 4 5 0 1 6 7 3 9 8 2
 6 8 2 3 9 0 7 5 1 4
 3 4 0 9 6 8 2 7 5 1
 5 8 3 6 0 4 7 2 9 1
 2 3 5 4 7 0 6 1 9 8
 125 125 125 125 125 125 125 125 125 125
 5 20 14 16 11 4 17 62 8 55 19 52 18 24 12 15 65 2 61 58 71 54 7 6 21 9 74 0 10 207 63 67 69 56 3 22 13 64 105 174 120 60 53 107 109 113 119 104 124 66 51 59 121 114 70 115 108 112 106 68 72 161 103 222 23 116 57 111 154 117 1 202 151 166 208 168 219 118 101 102 173 73 158 216 50 155 150 153 169 100 110 210 212 205 170 122 165 171 221 156 160 213 167 211 218 164 220 224 206 162 159 123 172 217 215 223 214 152 157 204 203 209 200 163 201 0 0 0 0 0 0 0 0 0 0 0 0 0 0 0 0 0 0 0 0 0 0 0 0 0 0 0 0 0 0 0 0 0 0 0 0 0 0 0 0 0 0 0 0 0 0 0 0 0 0 0 0 0 0 0 0 0 0 0 0 0 0 0 0 0 0 0 0 0 0 0 0 0 0 0 0 0 0 0 0 0 0 0 0 0 0 0 0 0 0 0 0 0 0 0 0 0 0 0 0 0 0 0 0 0 0 0 0 0 0 0 0 0 0 0 0 0 0 0 0 0 0 0 0 0 0 0 0 0 0 0 0 0 0 0 0 0 0 0 0 0 0 0 0 0 0 0 0 0 0 0 0 0 0 0 0 0 0 0 0 0 0 0 0 0 0 0 0 0 0 0 0 0 0 0 0 0 0 0 0 0 0 0 0 0 0 0 0 0 0 0 0 0 0 0 0 0 0 0 0 0 0 0 0 0 0 0 0 0 0 0 0 0 0 0 0 0 0 0 0 0 0 0 0 0 0 0 0 0 0 0 0 0 0 0 0 0 0 0 0 0 0 0 0 0 0 0 0 0 0 0 0 0 0 0 0 0 0 0 0 0 0 0 0 0 0 0 0 0 0 0 0 0 0 0 0 0 0 0 0 0 0 0 0 0 0 0 0 0 0 0 0 0 0 0 0 0 0 0 0 0 0 0 0 0 0 0 0 0 0 0 0 0 0 0 0 0 0 0 0 0 0 0 0 0 0 0 0 0 0 0 0 0 0 0 0 0 0 0 0 0 0 0 0 0 0 0 0 0 0 0 0 0 0 0 0 0 0 0 0 0 0 0 0 0 0 0 0 0 0 0 0 0 0 0
 146 135 133 159 140 151 114 145 113 160 137 168 104 125 150 118 134 153 143 116 128 167 97 170 189 195 109 87 120 182 124 71 185 166 192 136 80 141 100 106 172 65 107 121 76 156 180 198 277 157 187 177 199 73 66 94 105 171 264 164 287 58 70 53 69 74 298 380 257 83 68 299 265 196 293 255 91 96 90 253 262 63 266 370 399 274 289 294 280 258 283 297 373 282 56 256 350 50 278 392 57 93 394 382 383 384 357 55 390 396 388 358 369 285 267 376 360 292 366 364 362 398 372 377 397 0 0 0 0 0 0 0 0 0 0 0 0 0 0 0 0 0 0 0 0 0 0 0 0 0 0 0 0 0 0 0 0 0 0 0 0 0 0 0 0 0 0 0 0 0 0 0 0 0 0 0 0 0 0 0 0 0 0 0 0 0 0 0 0 0 0 0 0 0 0 0 0 0 0 0 0 0 0 0 0 0 0 0 0 0 0 0 0 0 0 0 0 0 0 0 0 0 0 0 0 0 0 0 0 0 0 0 0 0 0 0 0 0 0 0 0 0 0 0 0 0 0 0 0 0 0 0 0 0 0 0 0 0 0 0 0 0 0 0 0 0 0 0 0 0 0 0 0 0 0 0 0 0 0 0 0 0 0 0 0 0 0 0 0 0 0 0 0 0 0 0 0 0 0 0 0 0 0 0 0 0 0 0 0 0 0 0 0 0 0 0 0 0 0 0 0 0 0 0 0 0 0 0 0 0 0 0 0 0 0 0 0 0 0 0 0 0 0 0 0 0 0 0 0 0 0 0 0 0 0 0 0 0 0 0 0 0 0 0 0 0 0 0 0 0 0 0 0 0 0 0 0 0 0 0 0 0 0 0 0 0 0 0 0 0 0 0 0 0 0 0 0 0 0 0 0 0 0 0 0 0 0 0 0 0 0 0 0 0 0 0 0 0 0 0 0 0 0 0 0 0 0 0 0 0 0 0 0 0 0 0 0 0 0 0 0 0 0 0 0 0 0 0 0 0 0 0 0 0 0 0 0 0 0 0 0 0 0 0 0 0 0 0 0 0 0 0 0 0 0 0 0 0 0 0 0 0 0 0 0 0 0 0 0 0 0 0 0 0 0 0 0 0 0 0
 152 179 192 150 183 198 194 151 173 170 232 244 163 118 160 167 200 158 206 169 247 188 155 248 157 111 249 178 222 233 226 199 246 180 146 235 190 153 205 237 212 1 186 228 128 126 129 221 227 176 231 140 131 136 48 143 127 214 415 149 103 13 123 19 133 225 202 46 201 105 110 410 236 404 45 119 203 40 28 416 43 14 122 21 12 100 27 35 405 7 23 115 49 33 36 101 25 137 32 438 409 24 406 107 402 400 22 435 10 420 147 434 407 418 408 42 441 445 412 436 417 422 419 424 442 0 0 0 0 0 0 0 0 0 0 0 0 0 0 0 0 0 0 0 0 0 0 0 0 0 0 0 0 0 0 0 0 0 0 0 0 0 0 0 0 0 0 0 0 0 0 0 0 0 0 0 0 0 0 0 0 0 0 0 0 0 0 0 0 0 0 0 0 0 0 0 0 0 0 0 0 0 0 0 0 0 0 0 0 0 0 0 0 0 0 0 0 0 0 0 0 0 0 0 0 0 0 0 0 0 0 0 0 0 0 0 0 0 0 0 0 0 0 0 0 0 0 0 0 0 0 0 0 0 0 0 0 0 0 0 0 0 0 0 0 0 0 0 0 0 0 0 0 0 0 0 0 0 0 0 0 0 0 0 0 0 0 0 0 0 0 0 0 0 0 0 0 0 0 0 0 0 0 0 0 0 0 0 0 0 0 0 0 0 0 0 0 0 0 0 0 0 0 0 0 0 0 0 0 0 0 0 0 0 0 0 0 0 0 0 0 0 0 0 0 0 0 0 0 0 0 0 0 0 0 0 0 0 0 0 0 0 0 0 0 0 0 0 0 0 0 0 0 0 0 0 0 0 0 0 0 0 0 0 0 0 0 0 0 0 0 0 0 0 0 0 0 0 0 0 0 0 0 0 0 0 0 0 0 0 0 0 0 0 0 0 0 0 0 0 0 0 0 0 0 0 0 0 0 0 0 0 0 0 0 0 0 0 0 0 0 0 0 0 0 0 0 0 0 0 0 0 0 0 0 0 0 0 0 0 0 0 0 0 0 0 0 0 0 0 0 0 0 0 0 0 0 0 0 0 0 0 0 0 0 0 0 0 0 0 0 0 0 0 0 0 0 0 0 0
 176 163 199 166 181 177 494 461 497 493 458 188 455 180 190 189 173 179 160 153 470 396 159 191 192 152 465 168 473 480 368 452 174 476 164 183 454 498 472 157 374 325 359 339 382 158 495 312 453 378 367 379 366 357 346 151 372 391 365 489 324 345 313 460 475 459 388 356 488 336 318 52 323 478 358 395 304 353 55 490 479 389 347 90 354 321 328 315 371 53 95 370 310 341 338 377 97 86 337 300 303 68 332 69 58 301 342 311 73 60 85 59 57 80 351 91 70 74 67 386 65 51 89 64 82 0 0 0 0 0 0 0 0 0 0 0 0 0 0 0 0 0 0 0 0 0 0 0 0 0 0 0 0 0 0 0 0 0 0 0 0 0 0 0 0 0 0 0 0 0 0 0 0 0 0 0 0 0 0 0 0 0 0 0 0 0 0 0 0 0 0 0 0 0 0 0 0 0 0 0 0 0 0 0 0 0 0 0 0 0 0 0 0 0 0 0 0 0 0 0 0 0 0 0 0 0 0 0 0 0 0 0 0 0 0 0 0 0 0 0 0 0 0 0 0 0 0 0 0 0 0 0 0 0 0 0 0 0 0 0 0 0 0 0 0 0 0 0 0 0 0 0 0 0 0 0 0 0 0 0 0 0 0 0 0 0 0 0 0 0 0 0 0 0 0 0 0 0 0 0 0 0 0 0 0 0 0 0 0 0 0 0 0 0 0 0 0 0 0 0 0 0 0 0 0 0 0 0 0 0 0 0 0 0 0 0 0 0 0 0 0 0 0 0 0 0 0 0 0 0 0 0 0 0 0 0 0 0 0 0 0 0 0 0 0 0 0 0 0 0 0 0 0 0 0 0 0 0 0 0 0 0 0 0 0 0 0 0 0 0 0 0 0 0 0 0 0 0 0 0 0 0 0 0 0 0 0 0 0 0 0 0 0 0 0 0 0 0 0 0 0 0 0 0 0 0 0 0 0 0 0 0 0 0 0 0 0 0 0 0 0 0 0 0 0 0 0 0 0 0 0 0 0 0 0 0 0 0 0 0 0 0 0 0 0 0 0 0 0 0 0 0 0 0 0 0 0 0 0 0 0 0 0 0 0 0 0 0 0 0 0 0 0 0 0 0 0 0 0 0
 462 408 424 401 494 454 405 428 473 422 441 430 485 406 450 455 429 480 469 410 459 426 407 434 433 481 453 404 413 437 491 16 425 496 14 8 414 464 191 487 9 400 446 449 28 465 11 490 495 476 493 46 19 498 161 461 182 472 2 486 427 23 17 174 36 152 183 22 74 163 184 85 181 154 35 18 71 10 34 435 24 168 88 42 195 31 81 60 64 90 25 7 180 6 49 164 150 193 77 78 197 92 157 69 158 53 159 186 95 199 65 91 167 190 62 57 1 83 96 172 86 63 56 87 89 0 0 0 0 0 0 0 0 0 0 0 0 0 0 0 0 0 0 0 0 0 0 0 0 0 0 0 0 0 0 0 0 0 0 0 0 0 0 0 0 0 0 0 0 0 0 0 0 0 0 0 0 0 0 0 0 0 0 0 0 0 0 0 0 0 0 0 0 0 0 0 0 0 0 0 0 0 0 0 0 0 0 0 0 0 0 0 0 0 0 0 0 0 0 0 0 0 0 0 0 0 0 0 0 0 0 0 0 0 0 0 0 0 0 0 0 0 0 0 0 0 0 0 0 0 0 0 0 0 0 0 0 0 0 0 0 0 0 0 0 0 0 0 0 0 0 0 0 0 0 0 0 0 0 0 0 0 0 0 0 0 0 0 0 0 0 0 0 0 0 0 0 0 0 0 0 0 0 0 0 0 0 0 0 0 0 0 0 0 0 0 0 0 0 0 0 0 0 0 0 0 0 0 0 0 0 0 0 0 0 0 0 0 0 0 0 0 0 0 0 0 0 0 0 0 0 0 0 0 0 0 0 0 0 0 0 0 0 0 0 0 0 0 0 0 0 0 0 0 0 0 0 0 0 0 0 0 0 0 0 0 0 0 0 0 0 0 0 0 0 0 0 0 0 0 0 0 0 0 0 0 0 0 0 0 0 0 0 0 0 0 0 0 0 0 0 0 0 0 0 0 0 0 0 0 0 0 0 0 0 0 0 0 0 0 0 0 0 0 0 0 0 0 0 0 0 0 0 0 0 0 0 0 0 0 0 0 0 0 0 0 0 0 0 0 0 0 0 0 0 0 0 0 0 0 0 0 0 0 0 0 0 0 0 0 0 0 0 0 0 0 0 0 0 0
 203 232 288 200 243 247 219 205 229 204 215 0 206 213 226 282 234 209 231 202 268 299 258 285 246 264 291 236 253 257 212 18 4 242 214 223 294 276 245 210 290 49 39 274 68 324 7 255 1 94 254 57 296 265 32 284 252 60 45 58 286 295 2 11 61 262 97 85 35 33 42 15 293 8 82 27 5 23 346 98 78 292 87 330 95 26 10 99 24 47 73 63 90 314 313 336 92 31 89 345 321 53 332 334 50 305 347 333 320 80 329 302 308 326 343 304 84 96 16 83 323 327 341 315 301 0 0 0 0 0 0 0 0 0 0 0 0 0 0 0 0 0 0 0 0 0 0 0 0 0 0 0 0 0 0 0 0 0 0 0 0 0 0 0 0 0 0 0 0 0 0 0 0 0 0 0 0 0 0 0 0 0 0 0 0 0 0 0 0 0 0 0 0 0 0 0 0 0 0 0 0 0 0 0 0 0 0 0 0 0 0 0 0 0 0 0 0 0 0 0 0 0 0 0 0 0 0 0 0 0 0 0 0 0 0 0 0 0 0 0 0 0 0 0 0 0 0 0 0 0 0 0 0 0 0 0 0 0 0 0 0 0 0 0 0 0 0 0 0 0 0 0 0 0 0 0 0 0 0 0 0 0 0 0 0 0 0 0 0 0 0 0 0 0 0 0 0 0 0 0 0 0 0 0 0 0 0 0 0 0 0 0 0 0 0 0 0 0 0 0 0 0 0 0 0 0 0 0 0 0 0 0 0 0 0 0 0 0 0 0 0 0 0 0 0 0 0 0 0 0 0 0 0 0 0 0 0 0 0 0 0 0 0 0 0 0 0 0 0 0 0 0 0 0 0 0 0 0 0 0 0 0 0 0 0 0 0 0 0 0 0 0 0 0 0 0 0 0 0 0 0 0 0 0 0 0 0 0 0 0 0 0 0 0 0 0 0 0 0 0 0 0 0 0 0 0 0 0 0 0 0 0 0 0 0 0 0 0 0 0 0 0 0 0 0 0 0 0 0 0 0 0 0 0 0 0 0 0 0 0 0 0 0 0 0 0 0 0 0 0 0 0 0 0 0 0 0 0 0 0 0 0 0 0 0 0 0 0 0 0 0 0 0 0 0 0 0 0 0 0
 319 310 348 347 411 333 339 327 306 329 431 308 447 437 305 328 428 313 322 345 416 344 332 403 406 303 446 307 449 300 125 425 433 408 315 148 338 440 438 161 146 323 434 337 120 413 193 133 458 346 128 113 145 103 143 426 412 445 430 439 415 152 115 166 404 196 100 121 169 153 192 159 187 432 494 467 101 109 124 111 141 476 137 468 490 496 127 160 154 175 183 149 114 105 185 165 182 489 487 126 151 173 186 460 172 495 470 472 188 163 454 150 459 461 493 482 484 477 129 478 198 473 491 453 480 0 0 0 0 0 0 0 0 0 0 0 0 0 0 0 0 0 0 0 0 0 0 0 0 0 0 0 0 0 0 0 0 0 0 0 0 0 0 0 0 0 0 0 0 0 0 0 0 0 0 0 0 0 0 0 0 0 0 0 0 0 0 0 0 0 0 0 0 0 0 0 0 0 0 0 0 0 0 0 0 0 0 0 0 0 0 0 0 0 0 0 0 0 0 0 0 0 0 0 0 0 0 0 0 0 0 0 0 0 0 0 0 0 0 0 0 0 0 0 0 0 0 0 0 0 0 0 0 0 0 0 0 0 0 0 0 0 0 0 0 0 0 0 0 0 0 0 0 0 0 0 0 0 0 0 0 0 0 0 0 0 0 0 0 0 0 0 0 0 0 0 0 0 0 0 0 0 0 0 0 0 0 0 0 0 0 0 0 0 0 0 0 0 0 0 0 0 0 0 0 0 0 0 0 0 0 0 0 0 0 0 0 0 0 0 0 0 0 0 0 0 0 0 0 0 0 0 0 0 0 0 0 0 0 0 0 0 0 0 0 0 0 0 0 0 0 0 0 0 0 0 0 0 0 0 0 0 0 0 0 0 0 0 0 0 0 0 0 0 0 0 0 0 0 0 0 0 0 0 0 0 0 0 0 0 0 0 0 0 0 0 0 0 0 0 0 0 0 0 0 0 0 0 0 0 0 0 0 0 0 0 0 0 0 0 0 0 0 0 0 0 0 0 0 0 0 0 0 0 0 0 0 0 0 0 0 0 0 0 0 0 0 0 0 0 0 0 0 0 0 0 0 0 0 0 0 0 0 0 0 0 0 0 0 0 0 0 0 0 0 0 0 0 0 0
 158 238 153 196 206 177 227 181 247 154 150 217 155 175 235 189 218 164 157 187 152 172 234 161 223 248 245 160 162 203 226 201 190 170 40 42 499 219 33 179 46 167 470 37 249 246 497 173 39 9 25 156 183 221 21 222 27 212 457 34 0 5 202 236 242 8 225 493 13 469 205 20 10 479 452 490 310 4 459 347 467 498 28 485 35 17 38 475 309 341 480 307 328 487 489 349 491 31 48 319 336 317 460 339 496 455 450 458 322 312 477 327 305 22 320 313 301 454 335 308 321 342 345 302 343 0 0 0 0 0 0 0 0 0 0 0 0 0 0 0 0 0 0 0 0 0 0 0 0 0 0 0 0 0 0 0 0 0 0 0 0 0 0 0 0 0 0 0 0 0 0 0 0 0 0 0 0 0 0 0 0 0 0 0 0 0 0 0 0 0 0 0 0 0 0 0 0 0 0 0 0 0 0 0 0 0 0 0 0 0 0 0 0 0 0 0 0 0 0 0 0 0 0 0 0 0 0 0 0 0 0 0 0 0 0 0 0 0 0 0 0 0 0 0 0 0 0 0 0 0 0 0 0 0 0 0 0 0 0 0 0 0 0 0 0 0 0 0 0 0 0 0 0 0 0 0 0 0 0 0 0 0 0 0 0 0 0 0 0 0 0 0 0 0 0 0 0 0 0 0 0 0 0 0 0 0 0 0 0 0 0 0 0 0 0 0 0 0 0 0 0 0 0 0 0 0 0 0 0 0 0 0 0 0 0 0 0 0 0 0 0 0 0 0 0 0 0 0 0 0 0 0 0 0 0 0 0 0 0 0 0 0 0 0 0 0 0 0 0 0 0 0 0 0 0 0 0 0 0 0 0 0 0 0 0 0 0 0 0 0 0 0 0 0 0 0 0 0 0 0 0 0 0 0 0 0 0 0 0 0 0 0 0 0 0 0 0 0 0 0 0 0 0 0 0 0 0 0 0 0 0 0 0 0 0 0 0 0 0 0 0 0 0 0 0 0 0 0 0 0 0 0 0 0 0 0 0 0 0 0 0 0 0 0 0 0 0 0 0 0 0 0 0 0 0 0 0 0 0 0 0 0 0 0 0 0 0 0 0 0 0 0 0 0 0 0 0 0 0 0
 264 285 256 297 252 291 275 280 259 283 445 402 254 439 258 288 174 409 251 425 296 406 270 279 428 295 265 431 440 186 289 435 432 298 447 170 411 155 407 281 168 294 420 299 437 417 438 336 171 284 403 192 323 173 436 161 194 306 23 191 418 433 189 193 434 167 424 172 160 4 300 329 310 153 188 342 314 169 32 312 419 313 187 301 152 322 346 7 307 18 31 197 49 309 19 34 334 337 2 165 343 302 199 22 29 315 9 21 0 324 308 15 30 320 33 38 159 27 36 344 349 13 26 42 24 0 0 0 0 0 0 0 0 0 0 0 0 0 0 0 0 0 0 0 0 0 0 0 0 0 0 0 0 0 0 0 0 0 0 0 0 0 0 0 0 0 0 0 0 0 0 0 0 0 0 0 0 0 0 0 0 0 0 0 0 0 0 0 0 0 0 0 0 0 0 0 0 0 0 0 0 0 0 0 0 0 0 0 0 0 0 0 0 0 0 0 0 0 0 0 0 0 0 0 0 0 0 0 0 0 0 0 0 0 0 0 0 0 0 0 0 0 0 0 0 0 0 0 0 0 0 0 0 0 0 0 0 0 0 0 0 0 0 0 0 0 0 0 0 0 0 0 0 0 0 0 0 0 0 0 0 0 0 0 0 0 0 0 0 0 0 0 0 0 0 0 0 0 0 0 0 0 0 0 0 0 0 0 0 0 0 0 0 0 0 0 0 0 0 0 0 0 0 0 0 0 0 0 0 0 0 0 0 0 0 0 0 0 0 0 0 0 0 0 0 0 0 0 0 0 0 0 0 0 0 0 0 0 0 0 0 0 0 0 0 0 0 0 0 0 0 0 0 0 0 0 0 0 0 0 0 0 0 0 0 0 0 0 0 0 0 0 0 0 0 0 0 0 0 0 0 0 0 0 0 0 0 0 0 0 0 0 0 0 0 0 0 0 0 0 0 0 0 0 0 0 0 0 0 0 0 0 0 0 0 0 0 0 0 0 0 0 0 0 0 0 0 0 0 0 0 0 0 0 0 0 0 0 0 0 0 0 0 0 0 0 0 0 0 0 0 0 0 0 0 0 0 0 0 0 0 0 0 0 0 0 0 0 0 0 0 0 0 0 0 0 0 0 0 0
 149 100 114 105 127 107 119 117 162 194 133 120 104 115 128 184 172 358 102 167 121 148 154 165 156 135 101 146 116 296 160 124 157 177 174 285 147 139 273 183 134 289 189 186 262 231 234 152 236 126 255 191 272 158 181 225 171 280 268 281 275 284 178 290 298 182 188 179 235 379 277 252 374 253 283 295 258 399 211 243 198 216 356 249 242 362 368 293 389 244 228 210 371 240 270 279 208 390 204 223 398 299 360 229 381 213 384 200 380 387 265 388 367 373 232 214 221 207 246 376 353 393 391 397 365 0 0 0 0 0 0 0 0 0 0 0 0 0 0 0 0 0 0 0 0 0 0 0 0 0 0 0 0 0 0 0 0 0 0 0 0 0 0 0 0 0 0 0 0 0 0 0 0 0 0 0 0 0 0 0 0 0 0 0 0 0 0 0 0 0 0 0 0 0 0 0 0 0 0 0 0 0 0 0 0 0 0 0 0 0 0 0 0 0 0 0 0 0 0 0 0 0 0 0 0 0 0 0 0 0 0 0 0 0 0 0 0 0 0 0 0 0 0 0 0 0 0 0 0 0 0 0 0 0 0 0 0 0 0 0 0 0 0 0 0 0 0 0 0 0 0 0 0 0 0 0 0 0 0 0 0 0 0 0 0 0 0 0 0 0 0 0 0 0 0 0 0 0 0 0 0 0 0 0 0 0 0 0 0 0 0 0 0 0 0 0 0 0 0 0 0 0 0 0 0 0 0 0 0 0 0 0 0 0 0 0 0 0 0 0 0 0 0 0 0 0 0 0 0 0 0 0 0 0 0 0 0 0 0 0 0 0 0 0 0 0 0 0 0 0 0 0 0 0 0 0 0 0 0 0 0 0 0 0 0 0 0 0 0 0 0 0 0 0 0 0 0 0 0 0 0 0 0 0 0 0 0 0 0 0 0 0 0 0 0 0 0 0 0 0 0 0 0 0 0 0 0 0 0 0 0 0 0 0 0 0 0 0 0 0 0 0 0 0 0 0 0 0 0 0 0 0 0 0 0 0 0 0 0 0 0 0 0 0 0 0 0 0 0 0 0 0 0 0 0 0 0 0 0 0 0 0 0 0 0 0 0 0 0 0 0 0 0 0 0 0 0 0 0 0
 -2.0226 -1.68672 -1.50595 -1.34472 -1.27947 -0.885029 -0.565427 -0.288668 -0.188038 -0.0846423 0.015714 0.0178088 0.112344 0.252966 0.484909 0.505537 0.621333 0.631996 0.754986 0.770657 0.780172 0.919905 0.924106 1.18488 1.25305 1.36684 1.369 1.41132 1.48068 1.48328 1.52984 1.60521 1.63713 1.66572 1.69722 1.77215 1.81116 1.90809 1.91246 1.95085 1.99063 2.01901 2.04059 2.17722 2.1826 2.18401 2.29734 2.35355 2.49397 2.52215 2.56792 2.58373 2.68068 2.78871 2.84647 2.86184 2.98195 2.98224 3.12941 3.12989 3.22865 3.25196 3.25295 3.25862 3.33243 3.3782 3.38748 3.41241 3.48595 3.50213 3.59858 3.61953 3.65783 3.67806 3.68163 3.68685 3.76649 3.78516 3.84512 3.89609 3.90067 3.94978 3.9889 4.03159 4.11501 4.15107 4.25846 4.30212 4.32397 4.37326 4.43326 4.47261 4.48947 4.51499 4.54989 4.55152 4.67102 4.67119 4.75577 4.82213 4.88071 5.06529 5.11149 5.23862 5.25398 5.26222 5.29737 5.35651 5.4415 5.6479 5.70174 5.74334 5.84851 5.85824 5.94736 6.12141 6.16436 6.43321 6.4391 6.4892 6.68442 6.79638 6.82429 6.89974 8.2558 0 0 0 0 0 0 0 0 0 0 0 0 0 0 0 0 0 0 0 0 0 0 0 0 0 0 0 0 0 0 0 0 0 0 0 0 0 0 0 0 0 0 0 0 0 0 0 0 0 0 0 0 0 0 0 0 0 0 0 0 0 0 0 0 0 0 0 0 0 0 0 0 0 0 0 0 0 0 0 0 0 0 0 0 0 0 0 0 0 0 0 0 0 0 0 0 0 0 0 0 0 0 0 0 0 0 0 0 0 0 0 0 0 0 0 0 0 0 0 0 0 0 0 0 0 0 0 0 0 0 0 0 0 0 0 0 0 0 0 0 0 0 0 0 0 0 0 0 0 0 0 0 0 0 0 0 0 0 0 0 0 0 0 0 0 0 0 0 0 0 0 0 0 0 0 0 0 0 0 0 0 0 0 0 0 0 0 0 0 0 0 0 0 0 0 0 0 0 0 0 0 0 0 0 0 0 0 0 0 0 0 0 0 0 0 0 0 0 0 0 0 0 0 0 0 0 0 0 0 0 0 0 0 0 0 0 0 0 0 0 0 0 0 0 0 0 0 0 0 0 0 0 0 0 0 0 0 0 0 0 0 0 0 0 0 0 0 0 0 0 0 0 0 0 0 0 0 0 0 0 0 0 0 0 0 0 0 0 0 0 0 0 0 0 0 0 0 0 0 0 0 0 0 0 0 0 0 0 0 0 0 0 0 0 0 0 0 0 0 0 0 0 0 0 0 0 0 0 0 0 0 0 0 0 0 0 0 0 0 0 0 0 0 0 0 0 0 0 0 0 0 0 0 0 0 0 0 0 0 0 0 0 0 0 0 0 0 0 0 0 0 0 0 0 0
 -2.27867 -1.45776 -1.14592 -0.93422 -0.643164 -0.473441 -0.226702 -0.125219 -0.0942756 0.005937 0.15182 0.179712 0.207334 0.235293 0.261934 0.270551 0.303027 0.371374 0.446207 0.48581 0.577753 0.615376 0.759719 0.841015 0.95615 0.982219 1.05314 1.07348 1.08388 1.08978 1.16336 1.28812 1.3356 1.38074 1.44529 1.52739 1.66959 1.7058 1.71183 1.75816 1.75924 1.76232 1.8437 1.89057 1.92132 1.97401 1.99403 2.2398 2.39222 2.42385 2.48076 2.56597 2.56757 2.80234 2.93867 2.96728 3.02827 3.07877 3.19397 3.20215 3.32536 3.3265 3.34656 3.37567 3.39246 3.41511 3.42257 3.47096 3.47138 3.50121 3.55316 3.56421 3.63814 3.67506 3.68244 3.72678 3.80135 3.81903 3.86806 3.8885 3.91978 3.9937 4.21183 4.24322 4.24635 4.26555 4.36361 4.37053 4.39674 4.43594 4.47021 4.49709 4.51655 4.57883 4.58543 4.61073 4.63705 4.65246 4.71817 4.79237 4.82387 4.84391 4.85463 4.87107 5.04651 5.16326 5.45909 5.47458 5.6127 5.78649 5.88154 5.93275 5.99408 6.12981 6.37374 6.48347 6.51016 6.56879 6.73598 7.03649 7.26835 7.40631 7.62394 8.05622 8.39943 0 0 0 0 0 0 0 0 0 0 0 0 0 0 0 0 0 0 0 0 0 0 0 0 0 0 0 0 0 0 0 0 0 0 0 0 0 0 0 0 0 0 0 0 0 0 0 0 0 0 0 0 0 0 0 0 0 0 0 0 0 0 0 0 0 0 0 0 0 0 0 0 0 0 0 0 0 0 0 0 0 0 0 0 0 0 0 0 0 0 0 0 0 0 0 0 0 0 0 0 0 0 0 0 0 0 0 0 0 0 0 0 0 0 0 0 0 0 0 0 0 0 0 0 0 0 0 0 0 0 0 0 0 0 0 0 0 0 0 0 0 0 0 0 0 0 0 0 0 0 0 0 0 0 0 0 0 0 0 0 0 0 0 0 0 0 0 0 0 0 0 0 0 0 0 0 0 0 0 0 0 0 0 0 0 0 0 0 0 0 0 0 0 0 0 0 0 0 0 0 0 0 0 0 0 0 0 0 0 0 0 0 0 0 0 0 0 0 0 0 0 0 0 0 0 0 0 0 0 0 0 0 0 0 0 0 0 0 0 0 0 0 0 0 0 0 0 0 0 0 0 0 0 0 0 0 0 0 0 0 0 0 0 0 0 0 0 0 0 0 0 0 0 0 0 0 0 0 0 0 0 0 0 0 0 0 0 0 0 0 0 0 0 0 0 0 0 0 0 0 0 0 0 0 0 0 0 0 0 0 0 0 0 0 0 0 0 0 0 0 0 0 0 0 0 0 0 0 0 0 0 0 0 0 0 0 0 0 0 0 0 0 0 0 0 0 0 0 0 0 0 0 0 0 0 0 0 0 0 0 0 0 0 0 0 0 0 0 0 0 0 0 0 0 0
 -1.75195 -1.55388 -1.3747 -1.37264 -1.22898 -1.22727 -1.02315 -0.923969 -0.769245 -0.708746 -0.486484 -0.449247 -0.448688 -0.0414735 0.0722938 0.16571 0.210677 0.300613 0.317279 0.412127 0.429317 0.456907 0.862129 0.866652 1.07955 1.22845 1.23258 1.31375 1.32968 1.48307 1.61459 1.6515 1.67016 1.68766 1.83554 1.84952 1.90543 2.04939 2.12649 2.20647 2.2249 2.23922 2.24157 2.26516 2.27946 2.29408 2.34284 2.41186 2.41318 2.57779 2.60515 2.65272 2.67214 2.75195 2.78432 2.91688 2.91773 2.92979 2.94658 3.03018 3.0751 3.13683 3.13996 3.24503 3.27003 3.35737 3.39491 3.43382 3.4884 3.50147 3.51799 3.55376 3.61869 3.6749 3.76475 3.90355 3.91294 4.0926 4.1143 4.23655 4.24529 4.33357 4.34999 4.60021 4.6047 4.71054 4.74177 4.75059 4.80305 5.01431 5.08424 5.10071 5.13375 5.17806 5.20306 5.26971 5.27171 5.29922 5.3195 5.32062 5.37585 5.45686 5.5086 5.51587 5.52566 5.60883 5.66651 5.73105 5.78261 5.78901 5.82163 5.90696 5.97182 6.01035 6.08426 6.17576 6.24507 6.29654 6.75479 6.82109 7.12834 7.25602 7.29943 7.79938 8.14017 0 0 0 0 0 0 0 0 0 0 0 0 0 0 0 0 0 0 0 0 0 0 0 0 0 0 0 0 0 0 0 0 0 0 0 0 0 0 0 0 0 0 0 0 0 0 0 0 0 0 0 0 0 0 0 0 0 0 0 0 0 0 0 0 0 0 0 0 0 0 0 0 0 0 0 0 0 0 0 0 0 0 0 0 0 0 0 0 0 0 0 0 0 0 0 0 0 0 0 0 0 0 0 0 0 0 0 0 0 0 0 0 0 0 0 0 0 0 0 0 0 0 0 0 0 0 0 0 0 0 0 0 0 0 0 0 0 0 0 0 0 0 0 0 0 0 0 0 0 0 0 0 0 0 0 0 0 0 0 0 0 0 0 0 0 0 0 0 0 0 0 0 0 0 0 0 0 0 0 0 0 0 0 0 0 0 0 0 0 0 0 0 0 0 0 0 0 0 0 0 0 0 0 0 0 0 0 0 0 0 0 0 0 0 0 0 0 0 0 0 0 0 0 0 0 0 0 0 0 0 0 0 0 0 0 0 0 0 0 0 0 0 0 0 0 0 0 0 0 0 0 0 0 0 0 0 0 0 0 0 0 0 0 0 0 0 0 0 0 0 0 0 0 0 0 0 0 0 0 0 0 0 0 0 0 0 0 0 0 0 0 0 0 0 0 0 0 0 0 0 0 0 0 0 0 0 0 0 0 0 0 0 0 0 0 0 0 0 0 0 0 0 0 0 0 0 0 0 0 0 0 0 0 0 0 0 0 0 0 0 0 0 0 0 0 0 0 0 0 0 0 0 0 0 0 0 0 0 0 0 0 0 0 0 0 0 0 0 0 0 0 0 0 0 0
 -1.87785 -1.52491 -1.20968 -0.777144 -0.711328 -0.702389 -0.673063 -0.613912 -0.417419 -0.353822 -0.219032 -0.0994707 0.00760523 0.0946499 0.150124 0.172716 0.195965 0.20959 0.224632 0.326118 0.500003 0.54257 0.57979 0.609371 0.613691 0.648114 0.695932 0.839411 0.907086 0.951594 0.992054 1.04246 1.06518 1.48119 1.50491 1.68116 1.82718 1.85241 1.88026 1.92086 1.93254 1.99529 2.05688 2.06826 2.09355 2.12202 2.12277 2.13705 2.15379 2.17128 2.17595 2.1982 2.21033 2.22731 2.33808 2.36699 2.38009 2.38294 2.42657 2.51833 2.53905 2.62724 2.65776 2.6707 2.71941 2.77949 2.87027 2.88777 3.06993 3.08698 3.13785 3.13932 3.32635 3.34196 3.4454 3.44641 3.52464 3.58298 3.67409 3.67755 3.68836 3.76775 3.89263 3.98157 4.02554 4.03991 4.04017 4.04618 4.04986 4.21245 4.22249 4.27168 4.34501 4.36956 4.43666 4.56688 4.64834 4.66317 4.93787 4.99237 5.1572 5.30712 5.38403 5.43172 5.59308 5.63113 5.6343 5.64399 5.8156 5.85467 5.89292 5.98561 5.99941 6.26363 6.322 6.42299 6.42874 6.55822 6.85721 6.86661 7.19038 7.70979 7.73833 7.74835 7.87415 0 0 0 0 0 0 0 0 0 0 0 0 0 0 0 0 0 0 0 0 0 0 0 0 0 0 0 0 0 0 0 0 0 0 0 0 0 0 0 0 0 0 0 0 0 0 0 0 0 0 0 0 0 0 0 0 0 0 0 0 0 0 0 0 0 0 0 0 0 0 0 0 0 0 0 0 0 0 0 0 0 0 0 0 0 0 0 0 0 0 0 0 0 0 0 0 0 0 0 0 0 0 0 0 0 0 0 0 0 0 0 0 0 0 0 0 0 0 0 0 0 0 0 0 0 0 0 0 0 0 0 0 0 0 0 0 0 0 0 0 0 0 0 0 0 0 0 0 0 0 0 0 0 0 0 0 0 0 0 0 0 0 0 0 0 0 0 0 0 0 0 0 0 0 0 0 0 0 0 0 0 0 0 0 0 0 0 0 0 0 0 0 0 0 0 0 0 0 0 0 0 0 0 0 0 0 0 0 0 0 0 0 0 0 0 0 0 0 0 0 0 0 0 0 0 0 0 0 0 0 0 0 0 0 0 0 0 0 0 0 0 0 0 0 0 0 0 0 0 0 0 0 0 0 0 0 0 0 0 0 0 0 0 0 0 0 0 0 0 0 0 0 0 0 0 0 0 0 0 0 0 0 0 0 0 0 0 0 0 0 0 0 0 0 0 0 0 0 0 0 0 0 0 0 0 0 0 0 0 0 0 0 0 0 0 0 0 0 0 0 0 0 0 0 0 0 0 0 0 0 0 0 0 0 0 0 0 0 0 0 0 0 0 0 0 0 0 0 0 0 0 0 0 0 0 0 0 0 0 0 0 0 0 0 0 0 0 0 0 0 0 0 0 0 0
 -2.31029 -2.07881 -2.07503 -1.72064 -1.64616 -0.767867 -0.67169 -0.64758 -0.607514 -0.450785 -0.297984 -0.2531 -0.206163 -0.138314 0.00345207 0.223541 0.424785 0.45554 0.700936 0.852254 0.884282 0.890529 0.956843 0.958269 0.978063 1.0022 1.15987 1.26506 1.35994 1.44769 1.46694 1.55515 1.57442 1.60527 1.67768 1.77913 1.79158 1.95117 1.96721 2.02805 2.06357 2.08383 2.18417 2.22806 2.31213 2.36664 2.3795 2.41707 2.42387 2.52891 2.53593 2.56156 2.65042 2.66184 2.67262 2.7363 2.90696 2.95162 2.98047 3.0778 3.07798 3.11358 3.11985 3.19776 3.24304 3.31222 3.34946 3.38163 3.39002 3.51348 3.55286 3.55623 3.58802 3.61986 3.63292 3.65513 3.75246 3.78654 3.88832 3.95322 3.99641 3.99808 4.04002 4.13417 4.25735 4.29531 4.30669 4.39832 4.45526 4.48287 4.49014 4.59965 4.60636 4.64424 4.68126 4.75092 4.82072 4.90974 4.95539 5.06209 5.16069 5.22609 5.29652 5.30052 5.3541 5.36135 5.41564 5.53052 5.54494 5.81194 5.97966 5.98518 6.02231 6.12057 6.16171 6.37671 6.57296 6.72564 6.77806 6.96032 6.99013 7.16714 7.22205 7.56602 8.64157 0 0 0 0 0 0 0 0 0 0 0 0 0 0 0 0 0 0 0 0 0 0 0 0 0 0 0 0 0 0 0 0 0 0 0 0 0 0 0 0 0 0 0 0 0 0 0 0 0 0 0 0 0 0 0 0 0 0 0 0 0 0 0 0 0 0 0 0 0 0 0 0 0 0 0 0 0 0 0 0 0 0 0 0 0 0 0 0 0 0 0 0 0 0 0 0 0 0 0 0 0 0 0 0 0 0 0 0 0 0 0 0 0 0 0 0 0 0 0 0 0 0 0 0 0 0 0 0 0 0 0 0 0 0 0 0 0 0 0 0 0 0 0 0 0 0 0 0 0 0 0 0 0 0 0 0 0 0 0 0 0 0 0 0 0 0 0 0 0 0 0 0 0 0 0 0 0 0 0 0 0 0 0 0 0 0 0 0 0 0 0 0 0 0 0 0 0 0 0 0 0 0 0 0 0 0 0 0 0 0 0 0 0 0 0 0 0 0 0 0 0 0 0 0 0 0 0 0 0 0 0 0 0 0 0 0 0 0 0 0 0 0 0 0 0 0 0 0 0 0 0 0 0 0 0 0 0 0 0 0 0 0 0 0 0 0 0 0 0 0 0 0 0 0 0 0 0 0 0 0 0 0 0 0 0 0 0 0 0 0 0 0 0 0 0 0 0 0 0 0 0 0 0 0 0 0 0 0 0 0 0 0 0 0 0 0 0 0 0 0 0 0 0 0 0 0 0 0 0 0 0 0 0 0 0 0 0 0 0 0 0 0 0 0 0 0 0 0 0 0 0 0 0 0 0 0 0 0 0 0 0 0 0 0 0 0 0 0 0 0 0 0 0 0 0
 -2.16907 -1.35689 -1.33852 -1.09521 -0.944856 -0.918359 -0.758476 -0.470102 -0.293076 -0.208201 -0.179888 -0.176921 -0.154113 -0.107107 -0.0574704 -0.0385209 -0.0180182 0.135952 0.157946 0.269953 0.346721 0.559903 0.600253 0.65721 0.729285 0.866902 1.05508 1.08401 1.17902 1.26156 1.40392 1.51938 1.55109 1.60641 1.67261 1.75159 1.75493 1.80562 1.80686 1.89299 1.89544 1.92079 1.93855 2.33866 2.40994 2.42059 2.42076 2.5223 2.55486 2.61358 2.65779 2.66529 2.75941 2.78698 2.79742 2.82417 2.85605 2.85709 2.86396 2.91355 2.92916 3.00927 3.14391 3.26771 3.35537 3.38162 3.38499 3.39321 3.41483 3.46054 3.5288 3.5339 3.62122 3.73739 3.79577 3.86813 4.00344 4.04527 4.05362 4.08661 4.10552 4.16764 4.18299 4.28717 4.30273 4.32013 4.35559 4.38507 4.45751 4.48517 4.50869 4.51922 4.54523 4.58661 4.71114 4.81668 4.8422 4.86197 4.91997 4.94706 4.95277 5.03533 5.04373 5.23605 5.31405 5.34957 5.42014 5.52974 5.66101 5.67174 5.71191 5.88754 6.01085 6.0158 6.10768 6.11203 6.12879 6.12928 6.17577 6.2595 6.51199 7.0709 7.24929 8.37583 9.22455 0 0 0 0 0 0 0 0 0 0 0 0 0 0 0 0 0 0 0 0 0 0 0 0 0 0 0 0 0 0 0 0 0 0 0 0 0 0 0 0 0 0 0 0 0 0 0 0 0 0 0 0 0 0 0 0 0 0 0 0 0 0 0 0 0 0 0 0 0 0 0 0 0 0 0 0 0 0 0 0 0 0 0 0 0 0 0 0 0 0 0 0 0 0 0 0 0 0 0 0 0 0 0 0 0 0 0 0 0 0 0 0 0 0 0 0 0 0 0 0 0 0 0 0 0 0 0 0 0 0 0 0 0 0 0 0 0 0 0 0 0 0 0 0 0 0 0 0 0 0 0 0 0 0 0 0 0 0 0 0 0 0 0 0 0 0 0 0 0 0 0 0 0 0 0 0 0 0 0 0 0 0 0 0 0 0 0 0 0 0 0 0 0 0 0 0 0 0 0 0 0 0 0 0 0 0 0 0 0 0 0 0 0 0 0 0 0 0 0 0 0 0 0 0 0 0 0 0 0 0 0 0 0 0 0 0 0 0 0 0 0 0 0 0 0 0 0 0 0 0 0 0 0 0 0 0 0 0 0 0 0 0 0 0 0 0 0 0 0 0 0 0 0 0 0 0 0 0 0 0 0 0 0 0 0 0 0 0 0 0 0 0 0 0 0 0 0 0 0 0 0 0 0 0 0 0 0 0 0 0 0 0 0 0 0 0 0 0 0 0 0 0 0 0 0 0 0 0 0 0 0 0 0 0 0 0 0 0 0 0 0 0 0 0 0 0 0 0 0 0 0 0 0 0 0 0 0 0 0 0 0 0 0 0 0 0 0 0 0 0 0 0 0 0 0
 -2.56887 -1.35573 -1.23919 -0.64229 -0.551917 -0.462832 -0.395393 -0.336494 -0.24946 -0.145884 0.0901595 0.148181 0.292006 0.294988 0.477987 0.594879 0.664945 0.672691 0.758976 0.797044 0.970576 0.976988 1.06094 1.08193 1.13151 1.19651 1.21376 1.22753 1.51374 1.57165 1.59295 1.64375 1.64861 1.72635 1.74949 1.75098 1.86378 1.90422 1.90523 1.9706 1.98519 2.08385 2.09952 2.26829 2.30533 2.3183 2.34148 2.36154 2.49863 2.50717 2.5377 2.56514 2.65341 2.68046 2.73697 2.75975 2.79067 2.82839 2.84955 2.9433 2.95746 3.01775 3.01793 3.05033 3.07057 3.11649 3.17871 3.26902 3.38546 3.45886 3.49362 3.50067 3.55737 3.56977 3.59667 3.60225 3.62595 3.67727 3.71047 3.71899 3.77616 3.78756 3.9547 3.98872 4.03134 4.06187 4.09036 4.14892 4.16315 4.2347 4.27832 4.38033 4.64428 4.70684 4.74295 4.91486 4.92006 4.9272 4.99416 5.05506 5.11937 5.16682 5.16743 5.21363 5.23139 5.296 5.38621 5.47089 5.47241 5.57595 5.64862 5.65391 5.67919 5.81914 5.85844 5.99145 6.07894 6.12824 6.59571 6.60288 6.87177 7.08431 7.08773 7.14233 7.65641 0 0 0 0 0 0 0 0 0 0 0 0 0 0 0 0 0 0 0 0 0 0 0 0 0 0 0 0 0 0 0 0 0 0 0 0 0 0 0 0 0 0 0 0 0 0 0 0 0 0 0 0 0 0 0 0 0 0 0 0 0 0 0 0 0 0 0 0 0 0 0 0 0 0 0 0 0 0 0 0 0 0 0 0 0 0 0 0 0 0 0 0 0 0 0 0 0 0 0 0 0 0 0 0 0 0 0 0 0 0 0 0 0 0 0 0 0 0 0 0 0 0 0 0 0 0 0 0 0 0 0 0 0 0 0 0 0 0 0 0 0 0 0 0 0 0 0 0 0 0 0 0 0 0 0 0 0 0 0 0 0 0 0 0 0 0 0 0 0 0 0 0 0 0 0 0 0 0 0 0 0 0 0 0 0 0 0 0 0 0 0 0 0 0 0 0 0 0 0 0 0 0 0 0 0 0 0 0 0 0 0 0 0 0 0 0 0 0 0 0 0 0 0 0 0 0 0 0 0 0 0 0 0 0 0 0 0 0 0 0 0 0 0 0 0 0 0 0 0 0 0 0 0 0 0 0 0 0 0 0 0 0 0 0 0 0 0 0 0 0 0 0 0 0 0 0 0 0 0 0 0 0 0 0 0 0 0 0 0 0 0 0 0 0 0 0 0 0 0 0 0 0 0 0 0 0 0 0 0 0 0 0 0 0 0 0 0 0 0 0 0 0 0 0 0 0 0 0 0 0 0 0 0 0 0 0 0 0 0 0 0 0 0 0 0 0 0 0 0 0 0 0 0 0 0 0 0 0 0 0 0 0 0 0 0 0 0 0 0 0 0 0 0 0 0
 -1.79957 -1.61289 -1.01645 -0.972611 -0.968132 -0.8427 -0.826038 -0.71469 -0.369436 -0.223746 -0.134752 -0.041396 0.102728 0.234322 0.235028 0.38122 0.389537 0.440863 0.449499 0.560287 0.575988 0.588064 0.6385 0.851497 1.02559 1.09288 1.14083 1.16626 1.17824 1.18316 1.21221 1.28213 1.32445 1.34448 1.36496 1.41411 1.41423 1.44204 1.51055 1.62308 1.62446 1.62936 1.69688 1.75369 1.76839 1.7843 1.82804 1.84798 1.8556 1.8968 1.89902 1.91326 1.92361 1.94422 1.99379 2.01921 2.07199 2.18352 2.19637 2.23452 2.43271 2.51069 2.64397 2.68165 2.75988 3.12372 3.17797 3.18545 3.20864 3.24143 3.32611 3.3268 3.46451 3.50422 3.78187 3.83499 3.83613 3.87986 3.9372 3.94319 3.95508 4.00787 4.0468 4.1064 4.24224 4.24489 4.27078 4.37696 4.42861 4.43205 4.45534 4.47018 4.59897 4.72827 4.78679 4.79196 4.88364 4.9889 5.25005 5.31242 5.35849 5.45876 5.50286 5.54443 5.57958 5.57978 5.60398 5.61273 5.65882 5.66789 5.93065 6.13001 6.156 6.16106 6.18439 6.49464 6.53811 6.55531 6.57393 6.72234 6.78798 6.85388 6.99338 7.67459 7.89418 0 0 0 0 0 0 0 0 0 0 0 0 0 0 0 0 0 0 0 0 0 0 0 0 0 0 0 0 0 0 0 0 0 0 0 0 0 0 0 0 0 0 0 0 0 0 0 0 0 0 0 0 0 0 0 0 0 0 0 0 0 0 0 0 0 0 0 0 0 0 0 0 0 0 0 0 0 0 0 0 0 0 0 0 0 0 0 0 0 0 0 0 0 0 0 0 0 0 0 0 0 0 0 0 0 0 0 0 0 0 0 0 0 0 0 0 0 0 0 0 0 0 0 0 0 0 0 0 0 0 0 0 0 0 0 0 0 0 0 0 0 0 0 0 0 0 0 0 0 0 0 0 0 0 0 0 0 0 0 0 0 0 0 0 0 0 0 0 0 0 0 0 0 0 0 0 0 0 0 0 0 0 0 0 0 0 0 0 0 0 0 0 0 0 0 0 0 0 0 0 0 0 0 0 0 0 0 0 0 0 0 0 0 0 0 0 0 0 0 0 0 0 0 0 0 0 0 0 0 0 0 0 0 0 0 0 0 0 0 0 0 0 0 0 0 0 0 0 0 0 0 0 0 0 0 0 0 0 0 0 0 0 0 0 0 0 0 0 0 0 0 0 0 0 0 0 0 0 0 0 0 0 0 0 0 0 0 0 0 0 0 0 0 0 0 0 0 0 0 0 0 0 0 0 0 0 0 0 0 0 0 0 0 0 0 0 0 0 0 0 0 0 0 0 0 0 0 0 0 0 0 0 0 0 0 0 0 0 0 0 0 0 0 0 0 0 0 0 0 0 0 0 0 0 0 0 0 0 0 0 0 0 0 0 0 0 0 0 0 0 0 0 0 0 0
 -2.24637 -0.830745 -0.772793 -0.701897 -0.509059 -0.450091 -0.363785 -0.231483 -0.185767 -0.132404 -0.129947 0.0951171 0.477354 0.525055 0.673869 0.687398 0.838279 0.90706 0.909681 0.965869 1.05952 1.06324 1.06569 1.09602 1.18153 1.20202 1.21292 1.21975 1.23052 1.23346 1.3225 1.34734 1.42297 1.47991 1.58286 1.66028 1.77011 1.77569 1.85428 1.86564 1.87797 1.91315 1.94462 1.95902 1.99768 1.99939 2.0556 2.06966 2.12732 2.49778 2.60839 2.6521 2.69068 2.7047 2.73078 2.7626 2.79145 2.80041 2.80274 2.82182 2.86325 2.91864 2.96037 2.98242 3.13969 3.16029 3.16997 3.20911 3.33312 3.40034 3.51728 3.52109 3.62097 3.62327 3.63267 3.69416 3.69567 3.84136 3.93234 4.00212 4.01644 4.16809 4.19728 4.21557 4.24102 4.42857 4.44932 4.50781 4.53397 4.62614 4.68958 4.70341 4.71127 4.77529 4.91297 4.96143 5.00382 5.00825 5.03583 5.05256 5.12445 5.13429 5.15629 5.15879 5.22108 5.29316 5.43176 5.48972 5.52439 5.63433 5.65005 5.71549 5.73631 5.73663 5.75252 5.99929 6.0033 6.30057 6.34268 6.38616 6.70119 6.86368 7.03097 7.04262 8.43889 0 0 0 0 0 0 0 0 0 0 0 0 0 0 0 0 0 0 0 0 0 0 0 0 0 0 0 0 0 0 0 0 0 0 0 0 0 0 0 0 0 0 0 0 0 0 0 0 0 0 0 0 0 0 0 0 0 0 0 0 0 0 0 0 0 0 0 0 0 0 0 0 0 0 0 0 0 0 0 0 0 0 0 0 0 0 0 0 0 0 0 0 0 0 0 0 0 0 0 0 0 0 0 0 0 0 0 0 0 0 0 0 0 0 0 0 0 0 0 0 0 0 0 0 0 0 0 0 0 0 0 0 0 0 0 0 0 0 0 0 0 0 0 0 0 0 0 0 0 0 0 0 0 0 0 0 0 0 0 0 0 0 0 0 0 0 0 0 0 0 0 0 0 0 0 0 0 0 0 0 0 0 0 0 0 0 0 0 0 0 0 0 0 0 0 0 0 0 0 0 0 0 0 0 0 0 0 0 0 0 0 0 0 0 0 0 0 0 0 0 0 0 0 0 0 0 0 0 0 0 0 0 0 0 0 0 0 0 0 0 0 0 0 0 0 0 0 0 0 0 0 0 0 0 0 0 0 0 0 0 0 0 0 0 0 0 0 0 0 0 0 0 0 0 0 0 0 0 0 0 0 0 0 0 0 0 0 0 0 0 0 0 0 0 0 0 0 0 0 0 0 0 0 0 0 0 0 0 0 0 0 0 0 0 0 0 0 0 0 0 0 0 0 0 0 0 0 0 0 0 0 0 0 0 0 0 0 0 0 0 0 0 0 0 0 0 0 0 0 0 0 0 0 0 0 0 0 0 0 0 0 0 0 0 0 0 0 0 0 0 0 0 0 0 0
 -0.999572 -0.877678 -0.686576 -0.528701 -0.25571 -0.125806 0.169223 0.24658 0.285864 0.345419 0.416974 0.582432 0.652478 0.705841 0.730403 0.804751 0.874984 0.891814 0.939516 0.956072 1.01596 1.07986 1.1436 1.1962 1.22454 1.24077 1.25771 1.32823 1.37701 1.41633 1.47866 1.55296 1.62056 1.6942 1.78423 1.7894 1.82275 1.88685 1.94378 1.9955 2.04959 2.07342 2.11364 2.31903 2.33122 2.37447 2.44895 2.69046 2.69155 2.72756 2.73666 2.8226 2.94958 3.01703 3.03993 3.28954 3.30185 3.32621 3.36585 3.4016 3.40316 3.44322 3.44635 3.46137 3.49889 3.50576 3.56203 3.5722 3.64998 3.79547 3.87601 3.87778 3.915 3.94181 4.01873 4.02729 4.0508 4.08649 4.13223 4.18815 4.22184 4.28963 4.36109 4.40626 4.50027 4.65853 4.67457 4.72888 4.73546 4.83383 4.83437 4.84209 4.86319 4.86814 4.94654 4.9858 5.05582 5.12033 5.12766 5.12916 5.13821 5.28414 5.38927 5.41344 5.41874 5.4419 5.51429 5.77596 5.78459 5.86772 5.89597 6.03683 6.04876 6.31172 6.44623 6.56786 6.65188 6.66792 6.83159 7.0345 7.44464 7.50329 7.77645 7.79674 7.7982 0 0 0 0 0 0 0 0 0 0 0 0 0 0 0 0 0 0 0 0 0 0 0 0 0 0 0 0 0 0 0 0 0 0 0 0 0 0 0 0 0 0 0 0 0 0 0 0 0 0 0 0 0 0 0 0 0 0 0 0 0 0 0 0 0 0 0 0 0 0 0 0 0 0 0 0 0 0 0 0 0 0 0 0 0 0 0 0 0 0 0 0 0 0 0 0 0 0 0 0 0 0 0 0 0 0 0 0 0 0 0 0 0 0 0 0 0 0 0 0 0 0 0 0 0 0 0 0 0 0 0 0 0 0 0 0 0 0 0 0 0 0 0 0 0 0 0 0 0 0 0 0 0 0 0 0 0 0 0 0 0 0 0 0 0 0 0 0 0 0 0 0 0 0 0 0 0 0 0 0 0 0 0 0 0 0 0 0 0 0 0 0 0 0 0 0 0 0 0 0 0 0 0 0 0 0 0 0 0 0 0 0 0 0 0 0 0 0 0 0 0 0 0 0 0 0 0 0 0 0 0 0 0 0 0 0 0 0 0 0 0 0 0 0 0 0 0 0 0 0 0 0 0 0 0 0 0 0 0 0 0 0 0 0 0 0 0 0 0 0 0 0 0 0 0 0 0 0 0 0 0 0 0 0 0 0 0 0 0 0 0 0 0 0 0 0 0 0 0 0 0 0 0 0 0 0 0 0 0 0 0 0 0 0 0 0 0 0 0 0 0 0 0 0 0 0 0 0 0 0 0 0 0 0 0 0 0 0 0 0 0 0 0 0 0 0 0 0 0 0 0 0 0 0 0 0 0 0 0 0 0 0 0 0 0 0 0 0 0 0 0 0 0 0 0
