     0      0      95.1171     -77.8107
     1      0      52.1078     -52.4392
     2      0      31.2951     -34.0448
     3      0      77.2008     -70.3179
     4      0      57.7792     -61.6972
     5      0      33.6786     -34.6971
     6      0      48.5345     -48.1184
     7      0            0            0
     8      0      41.4929     -53.2614
     9      0      35.3901     -33.2426
     0      1      54.4586     -45.3301
     1      1      72.2481      -69.132
     2      1      30.1347     -37.7062
     3      1      59.8096      -60.522
     4      1      32.0938     -37.5868
     5      1      39.1109     -33.1693
     6      1      35.2529     -36.8753
     7      1      32.6378     -38.3843
     8      1      17.2676      -19.099
     9      1      35.0614     -34.5127
     0      2      35.1478     -35.1537
     1      2       33.955     -31.4066
     2      2      86.3565     -65.7079
     3      2      65.6768     -82.6841
     4      2      46.3208     -47.9574
     5      2      21.5735     -35.3434
     6      2       16.197     -16.2937
     7      2      34.9616     -30.5324
     8      2      37.2691     -30.5585
     9      2      15.7457     -20.6227
     0      3      71.4736     -77.3752
     1      3      60.2819     -61.4743
     2      3      83.8816     -61.6406
     3      3      119.013     -101.933
     4      3        61.08     -64.8876
     5      3      41.5714     -51.7964
     6      3      58.6307     -62.3941
     7      3      43.6018     -53.1902
     8      3      60.0055     -59.3695
     9      3      60.0633     -58.5479
     0      4      54.9798      -65.997
     1      4       30.922     -34.0187
     2      4      46.9732     -50.3447
     3      4      65.6939     -58.3349
     4      4      79.4996      -70.754
     5      4      31.1127     -34.7282
     6      4      42.1588     -28.3099
     7      4      19.5211     -18.7036
     8      4      18.2383     -16.8725
     9      4      17.4702     -17.9248
     0      5      35.8438     -33.1018
     1      5      39.9525     -33.7384
     2      5      25.5785     -34.0171
     3      5      47.3057      -47.219
     4      5      31.2085     -35.5195
     5      5      77.2484     -51.5723
     6      5      29.6615     -33.2216
     7      5      31.2249     -40.6467
     8      5      21.6146      -21.383
     9      5            0            0
     0      6      48.3333     -48.2735
     1      6      36.2755     -32.2852
     2      6      14.5998     -20.7482
     3      6      57.9783     -64.5397
     4      6      33.4129     -39.2542
     5      6      26.8062     -36.6917
     6      6      77.4753     -69.4623
     7      6      21.2837     -15.7557
     8      6      29.4467     -35.7442
     9      6      49.2787     -43.6029
     0      7            0            0
     1      7      34.5606     -32.6042
     2      7      31.5104     -39.4574
     3      7      44.4209     -48.9302
     4      7      22.5482     -18.1724
     5      7      41.1774     -29.1122
     6      7        20.17     -19.8922
     7      7      54.8905     -47.0476
     8      7            0            0
     9      7      19.7322     -18.2894
     0      8      48.6141     -43.3904
     1      8      18.1012     -17.6208
     2      8      32.6224     -37.9301
     3      8      61.3438     -67.0044
     4      8      16.4746     -19.8374
     5      8      22.6763     -14.5826
     6      8      32.9053     -32.6957
     7      8            0            0
     8      8      68.7563     -58.0849
     9      8       33.585     -33.9172
     0      9      31.7692     -37.3336
     1      9      29.7195     -34.1677
     2      9      15.7601      -16.803
     3      9      60.6184     -60.6345
     4      9      17.3606     -18.5414
     5      9            0            0
     6      9      47.5755     -50.3031
     7      9      20.6776     -18.5631
     8      9      34.1339     -33.9774
     9      9      57.0821     -54.5695
