     0      0      26.1647     -17.9198
     1      0      20.3772     -27.7997
     2      0      13.6213     -23.7027
     3      0      10.2496     -18.9319
     4      0      17.0507     -12.3667
     5      0            0            0
     6      0            0            0
     7      0            0            0
     8      0            0            0
     9      0            0            0
     0      1       32.237      -8.5823
     1      1      51.5973     -32.5257
     2      1      33.5439     -40.1007
     3      1      29.0949      -39.491
     4      1      9.25476     -18.1691
     5      1      21.3769     -21.2348
     6      1            0            0
     7      1      13.5037     -19.7355
     8      1            0            0
     9      1            0            0
     0      2      17.3127     -13.1723
     1      2      38.6263     -30.4896
     2      2      41.1653     -33.6014
     3      2      33.3458     -44.7204
     4      2      12.1908     -23.7276
     5      2      11.3037     -17.1422
     6      2            0            0
     7      2      25.0434     -13.5791
     8      2            0            0
     9      2            0            0
     0      3      9.54984     -18.4856
     1      3      32.6688     -30.6405
     2      3      44.1971      -25.005
     3      3      45.0857     -32.4611
     4      3      18.9778     -23.4916
     5      3      11.2831     -23.8534
     6      3            0            0
     7      3      16.0265     -13.4941
     8      3            0            0
     9      3            0            0
     0      4       11.797     -23.6694
     1      4      5.00068     -18.6171
     2      4      17.3198     -13.4664
     3      4      29.2896     -12.7564
     4      4      27.5861     -16.7472
     5      4            0            0
     6      4            0            0
     7      4            0            0
     8      4            0            0
     9      4            0            0
     0      5            0            0
     1      5      24.9103     -14.6452
     2      5      11.8215     -19.8256
     3      5      17.4025     -13.4295
     4      5            0            0
     5      5      29.5414     -16.3184
     6      5            0            0
     7      5      11.5214     -24.6934
     8      5            0            0
     9      5            0            0
     0      6            0            0
     1      6            0            0
     2      6            0            0
     3      6            0            0
     4      6            0            0
     5      6            0            0
     6      6            0            0
     7      6            0            0
     8      6            0            0
     9      6            0            0
     0      7            0            0
     1      7      14.2357     -17.6187
     2      7      20.9944     -23.3567
     3      7      9.59406      -24.262
     4      7            0            0
     5      7      20.1278     -11.4854
     6      7            0            0
     7      7      25.7546     -17.5537
     8      7            0            0
     9      7            0            0
     0      8            0            0
     1      8            0            0
     2      8            0            0
     3      8            0            0
     4      8            0            0
     5      8            0            0
     6      8            0            0
     7      8            0            0
     8      8            0            0
     9      8            0            0
     0      9            0            0
     1      9            0            0
     2      9            0            0
     3      9            0            0
     4      9            0            0
     5      9            0            0
     6      9            0            0
     7      9            0            0
     8      9            0            0
     9      9            0            0
