     0      0      139.643     -84.1617
     1      0      43.4254     -64.8314
     2      0      34.3176     -57.4901
     3      0      50.5445     -75.9615
     4      0      83.6512     -58.0154
     5      0        36.41     -35.1167
     6      0      53.7841     -67.6638
     7      0      39.1854     -29.3825
     8      0      53.5463      -62.849
     9      0      58.5109     -50.7852
     0      1      54.3754     -39.3138
     1      1      149.237     -95.3365
     2      1      66.9326     -101.462
     3      1      81.7484     -79.8985
     4      1      53.6728      -41.956
     5      1      41.6799     -59.7895
     6      1      70.7183     -75.3081
     7      1      42.4475     -45.8698
     8      1      36.3052     -47.9959
     9      1      54.4545     -58.1479
     0      2      46.4628     -43.5466
     1      2      84.9167     -77.1363
     2      2      177.494     -117.623
     3      2      130.363     -110.723
     4      2       50.855     -80.1987
     5      2      59.8468     -79.0486
     6      2      96.6615     -90.0955
     7      2      76.9231     -89.7998
     8      2      70.1533      -91.602
     9      2      50.3279      -80.126
     0      3       50.024     -77.8726
     1      3      78.8197     -91.2032
     2      3      118.132      -114.77
     3      3      215.869       -114.8
     4      3      41.4162      -83.477
     5      3      45.3226     -87.7784
     6      3      95.0764     -101.872
     7      3      84.5192     -71.2988
     8      3      91.1279     -78.2485
     9      3      53.3888     -87.7022
     0      4      52.4806     -121.437
     1      4      44.5494     -60.4014
     2      4      54.2226     -75.5009
     3      4      71.7646      -40.884
     4      4      160.171     -94.5915
     5      4      59.2858      -41.607
     6      4      67.4879     -61.4596
     7      4      48.1078     -55.5755
     8      4      50.5579     -53.8758
     9      4      50.1027     -61.4948
     0      5      40.3712     -34.9083
     1      5      60.5345     -34.6849
     2      5      66.5171     -70.4516
     3      5      53.1612     -67.6053
     4      5      50.5831      -55.807
     5      5      134.895      -89.833
     6      5      55.1863     -51.0372
     7      5      37.5662     -62.7147
     8      5      46.5553      -75.249
     9      5      49.7853     -37.4976
     0      6      57.9945     -60.1915
     1      6      75.5126     -68.0408
     2      6      92.0151     -98.0779
     3      6      86.5533     -111.678
     4      6      52.5749     -84.8216
     5      6      41.7034     -76.6286
     6      6      178.985     -110.313
     7      6      65.3712     -60.7059
     8      6      85.3943      -79.276
     9      6      71.9421     -56.0188
     0      7      34.3692      -38.462
     1      7      36.9634      -55.987
     2      7      84.0944     -82.0482
     3      7      64.7656     -102.756
     4      7      55.9529     -43.9205
     5      7      51.5013     -37.6071
     6      7      61.5019     -64.4159
     7      7      121.395     -90.9142
     8      7      42.7265     -31.5935
     9      7      38.6107     -42.9557
     0      8      55.9713     -61.5138
     1      8      35.9136     -52.9312
     2      8      76.4351      -84.498
     3      8      60.6958     -117.822
     4      8      46.8371     -47.0593
     5      8      55.8756     -50.0284
     6      8      83.2014        -87.6
     7      8      37.3101     -34.8442
     8      8      163.175      -99.557
     9      8      68.7282     -84.3763
     0      9      62.0077     -43.7524
     1      9      52.7333     -70.1799
     2      9      70.2478     -43.2858
     3      9      65.4159     -65.6549
     4      9      53.9219     -64.0256
     5      9      39.3104     -60.9173
     6      9      52.4117     -97.1955
     7      9      32.7612     -58.6957
     8      9      72.6996     -67.6302
     9      9      164.556     -92.9553
