 0 1 2 3 4 5 6 7 8 9
 2 3 1 5 7 8 0 4 9 6
 3 4 2 0 8 9 1 5 6 7
 3 9 7 6 1 0 5 4 2 8
 8 9 0 3 1 2 7 5 4 6
 4 5 0 1 6 7 3 9 8 2
 6 8 2 3 9 0 7 5 1 4
 3 4 0 9 6 8 2 7 5 1
 5 8 3 6 0 4 7 2 9 1
 2 3 5 4 7 0 6 1 9 8
 6 8 3 1 2 4 7 0 5 9
 2 6 7 3 1 4 5 8 9 0
 7 8 6 3 2 5 4 1 9 0
 3 2 9 5 7 1 6 0 8 4
 4 1 6 2 9 7 0 3 5 8
 8 3 5 2 6 4 1 9 7 0
 2 8 9 1 5 0 3 7 4 6
 0 9 4 8 7 1 2 5 6 3
 0 6 2 7 4 9 3 8 1 5
 5 4 8 9 6 1 2 3 7 0
 125 125 125 125 125 125 125 125 125 125 125 125 125 125 125 125 125 125 125 125
 15 1 23 6 5 2 11 19 68 7 71 57 4 10 70 72 0 9 50 64 13 18 16 67 17 20 108 103 12 8 24 21 101 56 63 119 121 51 123 69 73 58 52 115 65 59 3 107 61 166 118 55 106 122 22 113 167 62 54 53 102 14 111 114 109 74 116 120 66 158 112 156 160 100 172 171 173 155 60 105 104 164 157 124 151 154 153 212 218 150 110 216 162 152 117 163 159 210 168 161 219 208 213 205 220 169 174 215 221 224 211 165 201 204 214 203 200 222 170 207 217 202 206 209 223 0 0 0 0 0 0 0 0 0 0 0 0 0 0 0 0 0 0 0 0 0 0 0 0 0 0 0 0 0 0 0 0 0 0 0 0 0 0 0 0 0 0 0 0 0 0 0 0 0 0 0 0 0 0 0 0 0 0 0 0 0 0 0 0 0 0 0 0 0 0 0 0 0 0 0 0 0 0 0 0 0 0 0 0 0 0 0 0 0 0 0 0 0 0 0 0 0 0 0 0 0 0 0 0 0 0 0 0 0 0 0 0 0 0 0 0 0 0 0 0 0 0 0 0 0 0 0 0 0 0 0 0 0 0 0 0 0 0 0 0 0 0 0 0 0 0 0 0 0 0 0 0 0 0 0 0 0 0 0 0 0 0 0 0 0 0 0 0 0 0 0 0 0 0 0 0 0 0 0 0 0 0 0 0 0 0 0 0 0 0 0 0 0 0 0 0 0 0 0 0 0 0 0 0 0 0 0 0 0 0 0 0 0 0 0 0 0 0 0 0 0 0 0 0 0 0 0 0 0 0 0 0 0 0 0 0 0 0 0 0 0 0 0 0 0 0 0 0 0 0 0 0 0 0 0 0 0 0 0 0 0 0 0 0 0 0 0 0 0 0 0 0 0 0 0 0 0 0 0 0 0 0 0 0 0 0 0 0 0 0 0 0 0 0 0 0 0 0 0 0 0 0 0 0 0 0 0 0 0 0 0 0 0 0 0 0 0 0 0 0 0 0 0 0 0 0 0 0 0 0 0 0 0 0 0 0 0 0 0 0 0 0 0 0 0 0 0 0 0 0 0 0 0 0 0 0 0 0 0 0 0 0 0 0 0 0 0 0 0 0 0 0 0 0 0
 170 149 112 144 127 173 120 132 138 190 133 147 155 100 194 157 158 151 142 126 148 178 163 160 169 122 56 123 152 82 199 52 179 116 176 183 114 140 107 76 198 281 167 276 97 110 99 250 186 77 192 87 108 153 94 62 188 296 150 71 146 64 119 255 134 130 392 78 268 98 293 269 283 180 257 53 72 75 261 393 273 51 278 383 299 86 377 287 279 83 260 55 364 385 81 290 360 96 363 85 386 375 253 265 50 277 373 362 369 286 378 371 272 374 399 297 382 372 251 390 357 395 351 396 398 0 0 0 0 0 0 0 0 0 0 0 0 0 0 0 0 0 0 0 0 0 0 0 0 0 0 0 0 0 0 0 0 0 0 0 0 0 0 0 0 0 0 0 0 0 0 0 0 0 0 0 0 0 0 0 0 0 0 0 0 0 0 0 0 0 0 0 0 0 0 0 0 0 0 0 0 0 0 0 0 0 0 0 0 0 0 0 0 0 0 0 0 0 0 0 0 0 0 0 0 0 0 0 0 0 0 0 0 0 0 0 0 0 0 0 0 0 0 0 0 0 0 0 0 0 0 0 0 0 0 0 0 0 0 0 0 0 0 0 0 0 0 0 0 0 0 0 0 0 0 0 0 0 0 0 0 0 0 0 0 0 0 0 0 0 0 0 0 0 0 0 0 0 0 0 0 0 0 0 0 0 0 0 0 0 0 0 0 0 0 0 0 0 0 0 0 0 0 0 0 0 0 0 0 0 0 0 0 0 0 0 0 0 0 0 0 0 0 0 0 0 0 0 0 0 0 0 0 0 0 0 0 0 0 0 0 0 0 0 0 0 0 0 0 0 0 0 0 0 0 0 0 0 0 0 0 0 0 0 0 0 0 0 0 0 0 0 0 0 0 0 0 0 0 0 0 0 0 0 0 0 0 0 0 0 0 0 0 0 0 0 0 0 0 0 0 0 0 0 0 0 0 0 0 0 0 0 0 0 0 0 0 0 0 0 0 0 0 0 0 0 0 0 0 0 0 0 0 0 0 0 0 0 0 0 0 0 0 0 0 0 0 0 0 0 0 0 0 0 0 0 0 0 0 0 0 0 0 0 0 0 0 0 0 0 0 0 0 0 0 0 0 0 0 0
 150 170 169 174 208 195 186 157 160 162 184 122 158 165 155 105 167 152 156 207 241 239 168 154 191 125 192 185 109 115 202 213 226 172 223 159 209 231 201 128 218 166 188 120 111 216 144 229 130 214 424 138 140 104 210 230 8 129 224 240 242 18 1 249 143 139 3 423 233 36 238 9 110 126 45 123 108 103 4 441 403 16 227 421 24 436 15 148 425 39 21 6 446 7 404 28 438 203 102 418 27 411 428 20 29 147 17 445 32 415 442 22 41 447 410 145 46 38 413 412 400 439 437 432 401 0 0 0 0 0 0 0 0 0 0 0 0 0 0 0 0 0 0 0 0 0 0 0 0 0 0 0 0 0 0 0 0 0 0 0 0 0 0 0 0 0 0 0 0 0 0 0 0 0 0 0 0 0 0 0 0 0 0 0 0 0 0 0 0 0 0 0 0 0 0 0 0 0 0 0 0 0 0 0 0 0 0 0 0 0 0 0 0 0 0 0 0 0 0 0 0 0 0 0 0 0 0 0 0 0 0 0 0 0 0 0 0 0 0 0 0 0 0 0 0 0 0 0 0 0 0 0 0 0 0 0 0 0 0 0 0 0 0 0 0 0 0 0 0 0 0 0 0 0 0 0 0 0 0 0 0 0 0 0 0 0 0 0 0 0 0 0 0 0 0 0 0 0 0 0 0 0 0 0 0 0 0 0 0 0 0 0 0 0 0 0 0 0 0 0 0 0 0 0 0 0 0 0 0 0 0 0 0 0 0 0 0 0 0 0 0 0 0 0 0 0 0 0 0 0 0 0 0 0 0 0 0 0 0 0 0 0 0 0 0 0 0 0 0 0 0 0 0 0 0 0 0 0 0 0 0 0 0 0 0 0 0 0 0 0 0 0 0 0 0 0 0 0 0 0 0 0 0 0 0 0 0 0 0 0 0 0 0 0 0 0 0 0 0 0 0 0 0 0 0 0 0 0 0 0 0 0 0 0 0 0 0 0 0 0 0 0 0 0 0 0 0 0 0 0 0 0 0 0 0 0 0 0 0 0 0 0 0 0 0 0 0 0 0 0 0 0 0 0 0 0 0 0 0 0 0 0 0 0 0 0 0 0 0 0 0 0 0 0 0 0 0 0 0 0
 186 159 174 195 190 173 480 455 151 157 191 169 182 180 158 164 160 168 457 153 487 491 165 458 460 170 496 456 464 499 390 197 396 476 478 450 472 189 479 475 485 395 361 152 167 463 451 483 185 477 359 353 331 369 355 350 346 323 398 307 95 474 155 385 387 308 376 314 454 335 306 393 68 391 83 316 349 373 97 484 81 336 301 365 317 364 318 50 394 319 380 90 354 328 63 372 74 322 362 59 342 309 82 334 386 324 84 93 67 86 311 310 99 72 54 64 58 381 80 302 57 61 325 52 91 0 0 0 0 0 0 0 0 0 0 0 0 0 0 0 0 0 0 0 0 0 0 0 0 0 0 0 0 0 0 0 0 0 0 0 0 0 0 0 0 0 0 0 0 0 0 0 0 0 0 0 0 0 0 0 0 0 0 0 0 0 0 0 0 0 0 0 0 0 0 0 0 0 0 0 0 0 0 0 0 0 0 0 0 0 0 0 0 0 0 0 0 0 0 0 0 0 0 0 0 0 0 0 0 0 0 0 0 0 0 0 0 0 0 0 0 0 0 0 0 0 0 0 0 0 0 0 0 0 0 0 0 0 0 0 0 0 0 0 0 0 0 0 0 0 0 0 0 0 0 0 0 0 0 0 0 0 0 0 0 0 0 0 0 0 0 0 0 0 0 0 0 0 0 0 0 0 0 0 0 0 0 0 0 0 0 0 0 0 0 0 0 0 0 0 0 0 0 0 0 0 0 0 0 0 0 0 0 0 0 0 0 0 0 0 0 0 0 0 0 0 0 0 0 0 0 0 0 0 0 0 0 0 0 0 0 0 0 0 0 0 0 0 0 0 0 0 0 0 0 0 0 0 0 0 0 0 0 0 0 0 0 0 0 0 0 0 0 0 0 0 0 0 0 0 0 0 0 0 0 0 0 0 0 0 0 0 0 0 0 0 0 0 0 0 0 0 0 0 0 0 0 0 0 0 0 0 0 0 0 0 0 0 0 0 0 0 0 0 0 0 0 0 0 0 0 0 0 0 0 0 0 0 0 0 0 0 0 0 0 0 0 0 0 0 0 0 0 0 0 0 0 0 0 0 0 0 0 0 0 0 0 0 0 0 0 0 0 0 0 0 0 0 0 0
 419 428 463 406 484 441 476 41 445 492 440 438 3 410 469 460 421 486 437 2 407 459 442 482 462 433 43 455 15 473 452 481 446 465 173 36 403 497 450 412 453 435 439 464 413 454 436 431 40 49 26 8 155 427 14 414 493 479 150 174 50 495 496 456 34 4 44 57 97 199 177 32 181 424 24 18 157 38 99 415 45 165 73 151 158 160 192 5 189 183 42 12 152 95 176 87 197 154 80 161 61 98 7 166 185 84 46 195 63 82 53 58 78 168 85 94 35 96 68 92 90 182 89 60 83 0 0 0 0 0 0 0 0 0 0 0 0 0 0 0 0 0 0 0 0 0 0 0 0 0 0 0 0 0 0 0 0 0 0 0 0 0 0 0 0 0 0 0 0 0 0 0 0 0 0 0 0 0 0 0 0 0 0 0 0 0 0 0 0 0 0 0 0 0 0 0 0 0 0 0 0 0 0 0 0 0 0 0 0 0 0 0 0 0 0 0 0 0 0 0 0 0 0 0 0 0 0 0 0 0 0 0 0 0 0 0 0 0 0 0 0 0 0 0 0 0 0 0 0 0 0 0 0 0 0 0 0 0 0 0 0 0 0 0 0 0 0 0 0 0 0 0 0 0 0 0 0 0 0 0 0 0 0 0 0 0 0 0 0 0 0 0 0 0 0 0 0 0 0 0 0 0 0 0 0 0 0 0 0 0 0 0 0 0 0 0 0 0 0 0 0 0 0 0 0 0 0 0 0 0 0 0 0 0 0 0 0 0 0 0 0 0 0 0 0 0 0 0 0 0 0 0 0 0 0 0 0 0 0 0 0 0 0 0 0 0 0 0 0 0 0 0 0 0 0 0 0 0 0 0 0 0 0 0 0 0 0 0 0 0 0 0 0 0 0 0 0 0 0 0 0 0 0 0 0 0 0 0 0 0 0 0 0 0 0 0 0 0 0 0 0 0 0 0 0 0 0 0 0 0 0 0 0 0 0 0 0 0 0 0 0 0 0 0 0 0 0 0 0 0 0 0 0 0 0 0 0 0 0 0 0 0 0 0 0 0 0 0 0 0 0 0 0 0 0 0 0 0 0 0 0 0 0 0 0 0 0 0 0 0 0 0 0 0 0 0 0 0 0 0
 250 241 246 220 226 213 215 245 287 201 234 236 255 265 256 223 232 273 224 243 279 257 294 277 289 229 230 26 296 214 205 28 202 295 233 282 40 247 298 16 297 15 260 3 31 272 46 12 208 32 11 221 227 47 263 253 38 96 37 204 65 70 25 34 4 33 283 91 269 13 75 71 288 30 258 278 77 53 45 64 304 78 49 303 87 6 325 333 74 39 346 55 332 99 336 309 63 79 61 319 59 337 322 93 76 51 83 343 310 302 342 323 95 50 348 316 8 311 315 338 300 313 335 301 98 0 0 0 0 0 0 0 0 0 0 0 0 0 0 0 0 0 0 0 0 0 0 0 0 0 0 0 0 0 0 0 0 0 0 0 0 0 0 0 0 0 0 0 0 0 0 0 0 0 0 0 0 0 0 0 0 0 0 0 0 0 0 0 0 0 0 0 0 0 0 0 0 0 0 0 0 0 0 0 0 0 0 0 0 0 0 0 0 0 0 0 0 0 0 0 0 0 0 0 0 0 0 0 0 0 0 0 0 0 0 0 0 0 0 0 0 0 0 0 0 0 0 0 0 0 0 0 0 0 0 0 0 0 0 0 0 0 0 0 0 0 0 0 0 0 0 0 0 0 0 0 0 0 0 0 0 0 0 0 0 0 0 0 0 0 0 0 0 0 0 0 0 0 0 0 0 0 0 0 0 0 0 0 0 0 0 0 0 0 0 0 0 0 0 0 0 0 0 0 0 0 0 0 0 0 0 0 0 0 0 0 0 0 0 0 0 0 0 0 0 0 0 0 0 0 0 0 0 0 0 0 0 0 0 0 0 0 0 0 0 0 0 0 0 0 0 0 0 0 0 0 0 0 0 0 0 0 0 0 0 0 0 0 0 0 0 0 0 0 0 0 0 0 0 0 0 0 0 0 0 0 0 0 0 0 0 0 0 0 0 0 0 0 0 0 0 0 0 0 0 0 0 0 0 0 0 0 0 0 0 0 0 0 0 0 0 0 0 0 0 0 0 0 0 0 0 0 0 0 0 0 0 0 0 0 0 0 0 0 0 0 0 0 0 0 0 0 0 0 0 0 0 0 0 0 0 0 0 0 0 0 0 0 0 0 0 0 0 0 0 0 0 0 0 0
 343 308 344 317 437 303 334 311 326 318 339 404 411 309 340 407 446 431 323 408 406 346 410 403 127 145 320 425 402 337 322 126 330 440 121 341 332 417 439 420 433 422 149 427 429 470 414 328 138 304 327 122 405 118 423 146 105 345 125 183 412 177 148 134 106 181 187 184 400 310 103 458 475 457 119 190 450 102 101 112 135 163 196 477 172 171 189 170 175 467 188 136 489 185 167 123 142 192 160 493 147 159 479 480 496 198 178 117 469 485 460 491 497 158 155 490 498 154 454 487 150 455 499 452 459 0 0 0 0 0 0 0 0 0 0 0 0 0 0 0 0 0 0 0 0 0 0 0 0 0 0 0 0 0 0 0 0 0 0 0 0 0 0 0 0 0 0 0 0 0 0 0 0 0 0 0 0 0 0 0 0 0 0 0 0 0 0 0 0 0 0 0 0 0 0 0 0 0 0 0 0 0 0 0 0 0 0 0 0 0 0 0 0 0 0 0 0 0 0 0 0 0 0 0 0 0 0 0 0 0 0 0 0 0 0 0 0 0 0 0 0 0 0 0 0 0 0 0 0 0 0 0 0 0 0 0 0 0 0 0 0 0 0 0 0 0 0 0 0 0 0 0 0 0 0 0 0 0 0 0 0 0 0 0 0 0 0 0 0 0 0 0 0 0 0 0 0 0 0 0 0 0 0 0 0 0 0 0 0 0 0 0 0 0 0 0 0 0 0 0 0 0 0 0 0 0 0 0 0 0 0 0 0 0 0 0 0 0 0 0 0 0 0 0 0 0 0 0 0 0 0 0 0 0 0 0 0 0 0 0 0 0 0 0 0 0 0 0 0 0 0 0 0 0 0 0 0 0 0 0 0 0 0 0 0 0 0 0 0 0 0 0 0 0 0 0 0 0 0 0 0 0 0 0 0 0 0 0 0 0 0 0 0 0 0 0 0 0 0 0 0 0 0 0 0 0 0 0 0 0 0 0 0 0 0 0 0 0 0 0 0 0 0 0 0 0 0 0 0 0 0 0 0 0 0 0 0 0 0 0 0 0 0 0 0 0 0 0 0 0 0 0 0 0 0 0 0 0 0 0 0 0 0 0 0 0 0 0 0 0 0 0 0 0 0 0 0 0 0 0
 177 189 170 233 199 169 157 186 152 162 192 191 163 204 208 209 171 167 247 178 193 249 172 229 220 235 159 206 28 197 151 160 468 201 35 244 248 246 234 231 214 499 225 491 185 471 493 155 239 215 195 37 202 230 158 245 38 238 9 492 31 497 467 32 33 473 45 47 24 241 2 17 18 470 309 334 25 460 301 494 7 469 474 36 465 487 39 459 486 20 40 461 19 453 323 34 6 300 452 3 320 472 488 11 329 489 313 308 307 455 344 322 337 306 336 346 310 324 342 343 314 302 315 349 312 0 0 0 0 0 0 0 0 0 0 0 0 0 0 0 0 0 0 0 0 0 0 0 0 0 0 0 0 0 0 0 0 0 0 0 0 0 0 0 0 0 0 0 0 0 0 0 0 0 0 0 0 0 0 0 0 0 0 0 0 0 0 0 0 0 0 0 0 0 0 0 0 0 0 0 0 0 0 0 0 0 0 0 0 0 0 0 0 0 0 0 0 0 0 0 0 0 0 0 0 0 0 0 0 0 0 0 0 0 0 0 0 0 0 0 0 0 0 0 0 0 0 0 0 0 0 0 0 0 0 0 0 0 0 0 0 0 0 0 0 0 0 0 0 0 0 0 0 0 0 0 0 0 0 0 0 0 0 0 0 0 0 0 0 0 0 0 0 0 0 0 0 0 0 0 0 0 0 0 0 0 0 0 0 0 0 0 0 0 0 0 0 0 0 0 0 0 0 0 0 0 0 0 0 0 0 0 0 0 0 0 0 0 0 0 0 0 0 0 0 0 0 0 0 0 0 0 0 0 0 0 0 0 0 0 0 0 0 0 0 0 0 0 0 0 0 0 0 0 0 0 0 0 0 0 0 0 0 0 0 0 0 0 0 0 0 0 0 0 0 0 0 0 0 0 0 0 0 0 0 0 0 0 0 0 0 0 0 0 0 0 0 0 0 0 0 0 0 0 0 0 0 0 0 0 0 0 0 0 0 0 0 0 0 0 0 0 0 0 0 0 0 0 0 0 0 0 0 0 0 0 0 0 0 0 0 0 0 0 0 0 0 0 0 0 0 0 0 0 0 0 0 0 0 0 0 0 0 0 0 0 0 0 0 0 0 0 0 0 0 0 0 0 0 0
 271 274 268 272 286 299 288 273 250 279 407 424 282 254 283 172 280 439 402 281 434 257 156 179 263 435 428 265 276 340 421 420 269 449 414 284 292 427 446 259 447 433 415 405 277 165 346 252 400 191 349 177 333 25 183 194 404 13 426 303 417 339 162 401 419 167 416 182 188 312 302 331 325 181 174 315 4 157 448 186 322 330 171 178 189 152 160 345 158 29 36 335 305 43 154 184 31 308 348 44 327 323 0 35 16 21 334 40 14 343 198 7 318 320 10 329 8 42 46 34 32 49 11 28 23 0 0 0 0 0 0 0 0 0 0 0 0 0 0 0 0 0 0 0 0 0 0 0 0 0 0 0 0 0 0 0 0 0 0 0 0 0 0 0 0 0 0 0 0 0 0 0 0 0 0 0 0 0 0 0 0 0 0 0 0 0 0 0 0 0 0 0 0 0 0 0 0 0 0 0 0 0 0 0 0 0 0 0 0 0 0 0 0 0 0 0 0 0 0 0 0 0 0 0 0 0 0 0 0 0 0 0 0 0 0 0 0 0 0 0 0 0 0 0 0 0 0 0 0 0 0 0 0 0 0 0 0 0 0 0 0 0 0 0 0 0 0 0 0 0 0 0 0 0 0 0 0 0 0 0 0 0 0 0 0 0 0 0 0 0 0 0 0 0 0 0 0 0 0 0 0 0 0 0 0 0 0 0 0 0 0 0 0 0 0 0 0 0 0 0 0 0 0 0 0 0 0 0 0 0 0 0 0 0 0 0 0 0 0 0 0 0 0 0 0 0 0 0 0 0 0 0 0 0 0 0 0 0 0 0 0 0 0 0 0 0 0 0 0 0 0 0 0 0 0 0 0 0 0 0 0 0 0 0 0 0 0 0 0 0 0 0 0 0 0 0 0 0 0 0 0 0 0 0 0 0 0 0 0 0 0 0 0 0 0 0 0 0 0 0 0 0 0 0 0 0 0 0 0 0 0 0 0 0 0 0 0 0 0 0 0 0 0 0 0 0 0 0 0 0 0 0 0 0 0 0 0 0 0 0 0 0 0 0 0 0 0 0 0 0 0 0 0 0 0 0 0 0 0 0 0 0 0 0 0 0 0 0 0 0 0 0 0 0 0 0 0 0 0 0
 130 118 140 150 184 147 179 134 149 115 108 163 131 152 159 106 160 186 194 148 161 110 103 257 185 139 123 137 158 154 126 192 162 295 117 164 156 124 170 138 182 143 286 112 121 174 277 129 153 287 261 282 178 283 375 281 265 204 267 247 172 271 253 141 212 291 223 188 290 351 248 226 293 209 239 237 256 263 381 389 241 246 250 279 245 361 289 280 387 379 208 367 234 233 205 227 396 278 222 207 206 393 173 203 266 236 238 355 398 394 211 378 376 366 362 240 399 357 298 385 350 392 390 365 370 0 0 0 0 0 0 0 0 0 0 0 0 0 0 0 0 0 0 0 0 0 0 0 0 0 0 0 0 0 0 0 0 0 0 0 0 0 0 0 0 0 0 0 0 0 0 0 0 0 0 0 0 0 0 0 0 0 0 0 0 0 0 0 0 0 0 0 0 0 0 0 0 0 0 0 0 0 0 0 0 0 0 0 0 0 0 0 0 0 0 0 0 0 0 0 0 0 0 0 0 0 0 0 0 0 0 0 0 0 0 0 0 0 0 0 0 0 0 0 0 0 0 0 0 0 0 0 0 0 0 0 0 0 0 0 0 0 0 0 0 0 0 0 0 0 0 0 0 0 0 0 0 0 0 0 0 0 0 0 0 0 0 0 0 0 0 0 0 0 0 0 0 0 0 0 0 0 0 0 0 0 0 0 0 0 0 0 0 0 0 0 0 0 0 0 0 0 0 0 0 0 0 0 0 0 0 0 0 0 0 0 0 0 0 0 0 0 0 0 0 0 0 0 0 0 0 0 0 0 0 0 0 0 0 0 0 0 0 0 0 0 0 0 0 0 0 0 0 0 0 0 0 0 0 0 0 0 0 0 0 0 0 0 0 0 0 0 0 0 0 0 0 0 0 0 0 0 0 0 0 0 0 0 0 0 0 0 0 0 0 0 0 0 0 0 0 0 0 0 0 0 0 0 0 0 0 0 0 0 0 0 0 0 0 0 0 0 0 0 0 0 0 0 0 0 0 0 0 0 0 0 0 0 0 0 0 0 0 0 0 0 0 0 0 0 0 0 0 0 0 0 0 0 0 0 0 0 0 0 0 0 0 0 0 0 0 0 0 0 0 0 0 0 0 0
 330 317 338 312 403 301 333 342 343 159 444 319 432 341 401 303 327 302 182 402 435 449 157 306 446 428 316 309 411 346 433 328 311 332 429 447 183 89 179 174 199 334 191 423 424 326 335 128 421 310 322 404 406 173 409 84 413 152 188 59 131 143 445 127 148 436 177 400 53 60 190 181 62 50 194 154 98 408 103 113 195 80 77 161 151 133 187 168 149 163 158 93 146 417 141 106 166 96 78 51 57 139 164 138 125 67 147 70 108 83 65 92 97 132 72 140 100 64 74 104 118 81 142 102 144 0 0 0 0 0 0 0 0 0 0 0 0 0 0 0 0 0 0 0 0 0 0 0 0 0 0 0 0 0 0 0 0 0 0 0 0 0 0 0 0 0 0 0 0 0 0 0 0 0 0 0 0 0 0 0 0 0 0 0 0 0 0 0 0 0 0 0 0 0 0 0 0 0 0 0 0 0 0 0 0 0 0 0 0 0 0 0 0 0 0 0 0 0 0 0 0 0 0 0 0 0 0 0 0 0 0 0 0 0 0 0 0 0 0 0 0 0 0 0 0 0 0 0 0 0 0 0 0 0 0 0 0 0 0 0 0 0 0 0 0 0 0 0 0 0 0 0 0 0 0 0 0 0 0 0 0 0 0 0 0 0 0 0 0 0 0 0 0 0 0 0 0 0 0 0 0 0 0 0 0 0 0 0 0 0 0 0 0 0 0 0 0 0 0 0 0 0 0 0 0 0 0 0 0 0 0 0 0 0 0 0 0 0 0 0 0 0 0 0 0 0 0 0 0 0 0 0 0 0 0 0 0 0 0 0 0 0 0 0 0 0 0 0 0 0 0 0 0 0 0 0 0 0 0 0 0 0 0 0 0 0 0 0 0 0 0 0 0 0 0 0 0 0 0 0 0 0 0 0 0 0 0 0 0 0 0 0 0 0 0 0 0 0 0 0 0 0 0 0 0 0 0 0 0 0 0 0 0 0 0 0 0 0 0 0 0 0 0 0 0 0 0 0 0 0 0 0 0 0 0 0 0 0 0 0 0 0 0 0 0 0 0 0 0 0 0 0 0 0 0 0 0 0 0 0 0 0 0 0 0 0 0 0 0 0 0 0 0 0 0 0 0 0 0 0
 123 317 101 338 108 135 343 129 144 106 149 314 122 126 327 105 199 342 104 349 300 391 192 147 136 143 189 306 142 128 305 335 353 326 325 118 357 355 110 307 116 354 112 397 337 371 107 310 139 70 366 381 378 360 137 133 161 304 396 370 394 313 386 375 363 340 87 167 399 312 58 169 345 336 71 390 154 308 77 163 316 393 376 164 332 176 175 73 187 65 88 198 170 92 172 174 356 195 350 93 369 64 82 74 56 50 80 185 160 59 183 98 156 90 85 181 180 398 89 177 66 52 95 173 75 0 0 0 0 0 0 0 0 0 0 0 0 0 0 0 0 0 0 0 0 0 0 0 0 0 0 0 0 0 0 0 0 0 0 0 0 0 0 0 0 0 0 0 0 0 0 0 0 0 0 0 0 0 0 0 0 0 0 0 0 0 0 0 0 0 0 0 0 0 0 0 0 0 0 0 0 0 0 0 0 0 0 0 0 0 0 0 0 0 0 0 0 0 0 0 0 0 0 0 0 0 0 0 0 0 0 0 0 0 0 0 0 0 0 0 0 0 0 0 0 0 0 0 0 0 0 0 0 0 0 0 0 0 0 0 0 0 0 0 0 0 0 0 0 0 0 0 0 0 0 0 0 0 0 0 0 0 0 0 0 0 0 0 0 0 0 0 0 0 0 0 0 0 0 0 0 0 0 0 0 0 0 0 0 0 0 0 0 0 0 0 0 0 0 0 0 0 0 0 0 0 0 0 0 0 0 0 0 0 0 0 0 0 0 0 0 0 0 0 0 0 0 0 0 0 0 0 0 0 0 0 0 0 0 0 0 0 0 0 0 0 0 0 0 0 0 0 0 0 0 0 0 0 0 0 0 0 0 0 0 0 0 0 0 0 0 0 0 0 0 0 0 0 0 0 0 0 0 0 0 0 0 0 0 0 0 0 0 0 0 0 0 0 0 0 0 0 0 0 0 0 0 0 0 0 0 0 0 0 0 0 0 0 0 0 0 0 0 0 0 0 0 0 0 0 0 0 0 0 0 0 0 0 0 0 0 0 0 0 0 0 0 0 0 0 0 0 0 0 0 0 0 0 0 0 0 0 0 0 0 0 0 0 0 0 0 0 0 0 0 0 0 0 0 0
 365 371 355 380 335 358 370 390 402 368 313 357 408 401 391 447 381 421 319 415 354 433 303 441 395 339 440 397 363 375 425 414 328 154 398 420 448 304 407 373 353 435 444 422 333 434 362 156 356 309 438 150 311 384 316 189 424 193 314 417 340 351 394 369 159 330 406 183 329 179 321 429 323 101 345 104 318 300 431 322 403 138 346 184 344 186 185 105 306 158 125 162 198 195 115 180 176 349 112 100 130 143 171 131 157 147 165 126 142 106 160 163 123 141 120 187 121 103 110 146 109 194 145 181 118 0 0 0 0 0 0 0 0 0 0 0 0 0 0 0 0 0 0 0 0 0 0 0 0 0 0 0 0 0 0 0 0 0 0 0 0 0 0 0 0 0 0 0 0 0 0 0 0 0 0 0 0 0 0 0 0 0 0 0 0 0 0 0 0 0 0 0 0 0 0 0 0 0 0 0 0 0 0 0 0 0 0 0 0 0 0 0 0 0 0 0 0 0 0 0 0 0 0 0 0 0 0 0 0 0 0 0 0 0 0 0 0 0 0 0 0 0 0 0 0 0 0 0 0 0 0 0 0 0 0 0 0 0 0 0 0 0 0 0 0 0 0 0 0 0 0 0 0 0 0 0 0 0 0 0 0 0 0 0 0 0 0 0 0 0 0 0 0 0 0 0 0 0 0 0 0 0 0 0 0 0 0 0 0 0 0 0 0 0 0 0 0 0 0 0 0 0 0 0 0 0 0 0 0 0 0 0 0 0 0 0 0 0 0 0 0 0 0 0 0 0 0 0 0 0 0 0 0 0 0 0 0 0 0 0 0 0 0 0 0 0 0 0 0 0 0 0 0 0 0 0 0 0 0 0 0 0 0 0 0 0 0 0 0 0 0 0 0 0 0 0 0 0 0 0 0 0 0 0 0 0 0 0 0 0 0 0 0 0 0 0 0 0 0 0 0 0 0 0 0 0 0 0 0 0 0 0 0 0 0 0 0 0 0 0 0 0 0 0 0 0 0 0 0 0 0 0 0 0 0 0 0 0 0 0 0 0 0 0 0 0 0 0 0 0 0 0 0 0 0 0 0 0 0 0 0 0 0 0 0 0 0 0 0 0 0 0 0 0 0 0 0 0 0 0
 186 144 171 164 156 185 107 137 153 191 102 160 116 195 474 167 168 178 166 485 484 198 158 154 173 199 150 155 114 172 189 119 115 148 111 157 174 488 130 112 138 454 257 472 105 471 121 135 457 123 482 122 268 480 139 104 461 165 287 499 136 299 487 132 254 481 255 459 455 288 293 456 386 494 262 276 475 126 277 141 466 289 383 279 476 264 492 269 450 477 491 258 367 265 283 392 384 284 397 389 275 352 291 357 380 376 266 360 129 363 355 297 354 370 372 356 286 359 364 358 375 382 390 278 378 0 0 0 0 0 0 0 0 0 0 0 0 0 0 0 0 0 0 0 0 0 0 0 0 0 0 0 0 0 0 0 0 0 0 0 0 0 0 0 0 0 0 0 0 0 0 0 0 0 0 0 0 0 0 0 0 0 0 0 0 0 0 0 0 0 0 0 0 0 0 0 0 0 0 0 0 0 0 0 0 0 0 0 0 0 0 0 0 0 0 0 0 0 0 0 0 0 0 0 0 0 0 0 0 0 0 0 0 0 0 0 0 0 0 0 0 0 0 0 0 0 0 0 0 0 0 0 0 0 0 0 0 0 0 0 0 0 0 0 0 0 0 0 0 0 0 0 0 0 0 0 0 0 0 0 0 0 0 0 0 0 0 0 0 0 0 0 0 0 0 0 0 0 0 0 0 0 0 0 0 0 0 0 0 0 0 0 0 0 0 0 0 0 0 0 0 0 0 0 0 0 0 0 0 0 0 0 0 0 0 0 0 0 0 0 0 0 0 0 0 0 0 0 0 0 0 0 0 0 0 0 0 0 0 0 0 0 0 0 0 0 0 0 0 0 0 0 0 0 0 0 0 0 0 0 0 0 0 0 0 0 0 0 0 0 0 0 0 0 0 0 0 0 0 0 0 0 0 0 0 0 0 0 0 0 0 0 0 0 0 0 0 0 0 0 0 0 0 0 0 0 0 0 0 0 0 0 0 0 0 0 0 0 0 0 0 0 0 0 0 0 0 0 0 0 0 0 0 0 0 0 0 0 0 0 0 0 0 0 0 0 0 0 0 0 0 0 0 0 0 0 0 0 0 0 0 0 0 0 0 0 0 0 0 0 0 0 0 0 0 0 0 0 0 0
 214 245 203 59 235 227 219 246 228 233 76 211 216 86 237 222 70 248 79 200 84 224 306 334 93 94 75 309 83 236 313 342 67 206 80 328 333 230 332 207 60 96 215 229 88 82 87 72 53 210 240 107 58 62 319 115 239 117 54 113 322 320 346 303 69 135 123 317 481 56 339 145 471 148 122 92 124 128 477 335 136 102 141 314 338 301 134 331 493 100 127 108 130 482 453 315 318 496 451 487 105 112 125 142 491 499 470 104 492 310 475 465 455 450 137 324 454 478 498 476 469 497 343 473 480 0 0 0 0 0 0 0 0 0 0 0 0 0 0 0 0 0 0 0 0 0 0 0 0 0 0 0 0 0 0 0 0 0 0 0 0 0 0 0 0 0 0 0 0 0 0 0 0 0 0 0 0 0 0 0 0 0 0 0 0 0 0 0 0 0 0 0 0 0 0 0 0 0 0 0 0 0 0 0 0 0 0 0 0 0 0 0 0 0 0 0 0 0 0 0 0 0 0 0 0 0 0 0 0 0 0 0 0 0 0 0 0 0 0 0 0 0 0 0 0 0 0 0 0 0 0 0 0 0 0 0 0 0 0 0 0 0 0 0 0 0 0 0 0 0 0 0 0 0 0 0 0 0 0 0 0 0 0 0 0 0 0 0 0 0 0 0 0 0 0 0 0 0 0 0 0 0 0 0 0 0 0 0 0 0 0 0 0 0 0 0 0 0 0 0 0 0 0 0 0 0 0 0 0 0 0 0 0 0 0 0 0 0 0 0 0 0 0 0 0 0 0 0 0 0 0 0 0 0 0 0 0 0 0 0 0 0 0 0 0 0 0 0 0 0 0 0 0 0 0 0 0 0 0 0 0 0 0 0 0 0 0 0 0 0 0 0 0 0 0 0 0 0 0 0 0 0 0 0 0 0 0 0 0 0 0 0 0 0 0 0 0 0 0 0 0 0 0 0 0 0 0 0 0 0 0 0 0 0 0 0 0 0 0 0 0 0 0 0 0 0 0 0 0 0 0 0 0 0 0 0 0 0 0 0 0 0 0 0 0 0 0 0 0 0 0 0 0 0 0 0 0 0 0 0 0 0 0 0 0 0 0 0 0 0 0 0 0 0 0 0 0 0 0 0
 449 404 431 410 406 409 423 298 167 186 174 190 177 434 417 198 437 438 183 446 285 436 171 430 425 400 178 427 424 282 195 447 151 181 290 275 173 176 271 157 421 199 119 428 184 273 414 299 155 182 168 255 439 185 108 192 262 266 284 256 104 193 113 125 297 265 141 143 133 136 102 251 277 272 132 286 291 405 426 257 274 170 332 308 134 254 345 142 339 101 316 172 123 306 303 347 145 302 334 140 148 326 258 288 311 335 342 103 309 106 321 120 323 131 121 139 340 127 329 341 348 327 338 344 313 0 0 0 0 0 0 0 0 0 0 0 0 0 0 0 0 0 0 0 0 0 0 0 0 0 0 0 0 0 0 0 0 0 0 0 0 0 0 0 0 0 0 0 0 0 0 0 0 0 0 0 0 0 0 0 0 0 0 0 0 0 0 0 0 0 0 0 0 0 0 0 0 0 0 0 0 0 0 0 0 0 0 0 0 0 0 0 0 0 0 0 0 0 0 0 0 0 0 0 0 0 0 0 0 0 0 0 0 0 0 0 0 0 0 0 0 0 0 0 0 0 0 0 0 0 0 0 0 0 0 0 0 0 0 0 0 0 0 0 0 0 0 0 0 0 0 0 0 0 0 0 0 0 0 0 0 0 0 0 0 0 0 0 0 0 0 0 0 0 0 0 0 0 0 0 0 0 0 0 0 0 0 0 0 0 0 0 0 0 0 0 0 0 0 0 0 0 0 0 0 0 0 0 0 0 0 0 0 0 0 0 0 0 0 0 0 0 0 0 0 0 0 0 0 0 0 0 0 0 0 0 0 0 0 0 0 0 0 0 0 0 0 0 0 0 0 0 0 0 0 0 0 0 0 0 0 0 0 0 0 0 0 0 0 0 0 0 0 0 0 0 0 0 0 0 0 0 0 0 0 0 0 0 0 0 0 0 0 0 0 0 0 0 0 0 0 0 0 0 0 0 0 0 0 0 0 0 0 0 0 0 0 0 0 0 0 0 0 0 0 0 0 0 0 0 0 0 0 0 0 0 0 0 0 0 0 0 0 0 0 0 0 0 0 0 0 0 0 0 0 0 0 0 0 0 0 0 0 0 0 0 0 0 0 0 0 0 0 0 0 0 0 0 0 0
 134 148 111 125 115 127 121 143 131 141 145 427 448 112 413 123 449 140 133 447 440 443 439 451 480 129 428 146 401 434 109 454 414 405 444 407 441 105 433 424 119 269 117 469 137 122 486 436 430 471 457 97 468 487 126 474 496 485 423 51 92 477 494 493 453 84 149 82 78 465 91 88 86 463 421 411 292 90 483 58 431 72 280 71 55 77 250 297 70 75 95 298 59 67 286 257 488 54 462 490 278 285 287 499 283 73 458 416 96 264 293 253 89 282 481 50 271 267 260 254 276 262 277 265 291 0 0 0 0 0 0 0 0 0 0 0 0 0 0 0 0 0 0 0 0 0 0 0 0 0 0 0 0 0 0 0 0 0 0 0 0 0 0 0 0 0 0 0 0 0 0 0 0 0 0 0 0 0 0 0 0 0 0 0 0 0 0 0 0 0 0 0 0 0 0 0 0 0 0 0 0 0 0 0 0 0 0 0 0 0 0 0 0 0 0 0 0 0 0 0 0 0 0 0 0 0 0 0 0 0 0 0 0 0 0 0 0 0 0 0 0 0 0 0 0 0 0 0 0 0 0 0 0 0 0 0 0 0 0 0 0 0 0 0 0 0 0 0 0 0 0 0 0 0 0 0 0 0 0 0 0 0 0 0 0 0 0 0 0 0 0 0 0 0 0 0 0 0 0 0 0 0 0 0 0 0 0 0 0 0 0 0 0 0 0 0 0 0 0 0 0 0 0 0 0 0 0 0 0 0 0 0 0 0 0 0 0 0 0 0 0 0 0 0 0 0 0 0 0 0 0 0 0 0 0 0 0 0 0 0 0 0 0 0 0 0 0 0 0 0 0 0 0 0 0 0 0 0 0 0 0 0 0 0 0 0 0 0 0 0 0 0 0 0 0 0 0 0 0 0 0 0 0 0 0 0 0 0 0 0 0 0 0 0 0 0 0 0 0 0 0 0 0 0 0 0 0 0 0 0 0 0 0 0 0 0 0 0 0 0 0 0 0 0 0 0 0 0 0 0 0 0 0 0 0 0 0 0 0 0 0 0 0 0 0 0 0 0 0 0 0 0 0 0 0 0 0 0 0 0 0 0 0 0 0 0 0 0 0 0 0 0 0 0 0 0 0 0 0 0
 471 47 28 466 37 15 7 491 9 29 14 229 10 45 455 32 3 24 465 4 44 39 488 2 26 22 484 495 245 497 18 25 214 478 496 21 486 453 438 499 487 473 209 490 445 485 27 33 451 470 440 463 16 408 234 482 407 417 242 243 240 218 224 216 419 479 460 239 446 443 435 228 416 235 210 406 246 415 351 400 448 447 213 212 392 364 421 206 222 247 454 399 374 387 434 401 432 422 241 373 390 379 424 430 232 237 353 359 375 233 397 378 355 368 384 428 429 385 395 350 372 380 352 371 356 0 0 0 0 0 0 0 0 0 0 0 0 0 0 0 0 0 0 0 0 0 0 0 0 0 0 0 0 0 0 0 0 0 0 0 0 0 0 0 0 0 0 0 0 0 0 0 0 0 0 0 0 0 0 0 0 0 0 0 0 0 0 0 0 0 0 0 0 0 0 0 0 0 0 0 0 0 0 0 0 0 0 0 0 0 0 0 0 0 0 0 0 0 0 0 0 0 0 0 0 0 0 0 0 0 0 0 0 0 0 0 0 0 0 0 0 0 0 0 0 0 0 0 0 0 0 0 0 0 0 0 0 0 0 0 0 0 0 0 0 0 0 0 0 0 0 0 0 0 0 0 0 0 0 0 0 0 0 0 0 0 0 0 0 0 0 0 0 0 0 0 0 0 0 0 0 0 0 0 0 0 0 0 0 0 0 0 0 0 0 0 0 0 0 0 0 0 0 0 0 0 0 0 0 0 0 0 0 0 0 0 0 0 0 0 0 0 0 0 0 0 0 0 0 0 0 0 0 0 0 0 0 0 0 0 0 0 0 0 0 0 0 0 0 0 0 0 0 0 0 0 0 0 0 0 0 0 0 0 0 0 0 0 0 0 0 0 0 0 0 0 0 0 0 0 0 0 0 0 0 0 0 0 0 0 0 0 0 0 0 0 0 0 0 0 0 0 0 0 0 0 0 0 0 0 0 0 0 0 0 0 0 0 0 0 0 0 0 0 0 0 0 0 0 0 0 0 0 0 0 0 0 0 0 0 0 0 0 0 0 0 0 0 0 0 0 0 0 0 0 0 0 0 0 0 0 0 0 0 0 0 0 0 0 0 0 0 0 0 0 0 0 0 0 0
 37 36 2 24 49 325 42 324 0 25 32 333 18 29 345 44 300 1 328 4 114 338 108 346 344 113 26 348 47 331 20 125 314 339 101 386 330 109 21 326 132 382 13 145 337 310 8 319 137 33 315 301 15 340 43 38 121 375 389 369 127 342 106 302 141 209 22 131 372 143 364 134 363 352 359 147 204 124 227 391 110 308 221 138 311 122 213 133 214 222 397 215 393 230 107 358 374 219 351 212 224 237 249 128 360 229 236 240 377 392 120 371 220 356 378 223 206 390 201 226 245 395 217 350 216 0 0 0 0 0 0 0 0 0 0 0 0 0 0 0 0 0 0 0 0 0 0 0 0 0 0 0 0 0 0 0 0 0 0 0 0 0 0 0 0 0 0 0 0 0 0 0 0 0 0 0 0 0 0 0 0 0 0 0 0 0 0 0 0 0 0 0 0 0 0 0 0 0 0 0 0 0 0 0 0 0 0 0 0 0 0 0 0 0 0 0 0 0 0 0 0 0 0 0 0 0 0 0 0 0 0 0 0 0 0 0 0 0 0 0 0 0 0 0 0 0 0 0 0 0 0 0 0 0 0 0 0 0 0 0 0 0 0 0 0 0 0 0 0 0 0 0 0 0 0 0 0 0 0 0 0 0 0 0 0 0 0 0 0 0 0 0 0 0 0 0 0 0 0 0 0 0 0 0 0 0 0 0 0 0 0 0 0 0 0 0 0 0 0 0 0 0 0 0 0 0 0 0 0 0 0 0 0 0 0 0 0 0 0 0 0 0 0 0 0 0 0 0 0 0 0 0 0 0 0 0 0 0 0 0 0 0 0 0 0 0 0 0 0 0 0 0 0 0 0 0 0 0 0 0 0 0 0 0 0 0 0 0 0 0 0 0 0 0 0 0 0 0 0 0 0 0 0 0 0 0 0 0 0 0 0 0 0 0 0 0 0 0 0 0 0 0 0 0 0 0 0 0 0 0 0 0 0 0 0 0 0 0 0 0 0 0 0 0 0 0 0 0 0 0 0 0 0 0 0 0 0 0 0 0 0 0 0 0 0 0 0 0 0 0 0 0 0 0 0 0 0 0 0 0 0 0 0 0 0 0 0 0 0 0 0 0 0 0 0 0 0 0 0 0
 261 274 294 273 248 215 293 288 226 214 263 229 252 276 251 289 257 243 282 265 264 297 275 225 216 296 238 246 207 292 213 231 266 232 426 444 228 425 427 249 233 422 420 441 432 407 217 431 475 287 237 456 415 299 281 408 222 482 418 298 421 435 442 497 417 464 447 404 211 306 267 481 416 453 247 220 478 460 470 223 467 300 471 451 472 494 498 414 413 493 459 336 342 315 333 466 309 335 303 305 323 325 490 406 450 491 241 440 302 331 348 340 301 438 318 492 343 334 345 304 316 480 463 311 317 0 0 0 0 0 0 0 0 0 0 0 0 0 0 0 0 0 0 0 0 0 0 0 0 0 0 0 0 0 0 0 0 0 0 0 0 0 0 0 0 0 0 0 0 0 0 0 0 0 0 0 0 0 0 0 0 0 0 0 0 0 0 0 0 0 0 0 0 0 0 0 0 0 0 0 0 0 0 0 0 0 0 0 0 0 0 0 0 0 0 0 0 0 0 0 0 0 0 0 0 0 0 0 0 0 0 0 0 0 0 0 0 0 0 0 0 0 0 0 0 0 0 0 0 0 0 0 0 0 0 0 0 0 0 0 0 0 0 0 0 0 0 0 0 0 0 0 0 0 0 0 0 0 0 0 0 0 0 0 0 0 0 0 0 0 0 0 0 0 0 0 0 0 0 0 0 0 0 0 0 0 0 0 0 0 0 0 0 0 0 0 0 0 0 0 0 0 0 0 0 0 0 0 0 0 0 0 0 0 0 0 0 0 0 0 0 0 0 0 0 0 0 0 0 0 0 0 0 0 0 0 0 0 0 0 0 0 0 0 0 0 0 0 0 0 0 0 0 0 0 0 0 0 0 0 0 0 0 0 0 0 0 0 0 0 0 0 0 0 0 0 0 0 0 0 0 0 0 0 0 0 0 0 0 0 0 0 0 0 0 0 0 0 0 0 0 0 0 0 0 0 0 0 0 0 0 0 0 0 0 0 0 0 0 0 0 0 0 0 0 0 0 0 0 0 0 0 0 0 0 0 0 0 0 0 0 0 0 0 0 0 0 0 0 0 0 0 0 0 0 0 0 0 0 0 0 0 0 0 0 0 0 0 0 0 0 0 0 0 0 0 0 0 0 0
 -2.73622 -1.92935 -0.874746 -0.679213 -0.463369 -0.156494 -0.0845083 0.0836761 0.153375 0.168549 0.185906 0.276128 0.341754 0.408868 0.409343 0.529151 0.726091 0.751048 0.769672 0.812382 0.904742 0.915561 0.986582 1.04706 1.05394 1.13854 1.17798 1.19399 1.19787 1.31271 1.35821 1.40534 1.46709 1.59347 1.60896 1.62573 1.64148 1.66311 1.78978 1.80385 1.81987 1.91048 1.95477 2.03048 2.03391 2.0689 2.15537 2.21509 2.28923 2.33571 2.33581 2.44113 2.4426 2.46019 2.54121 2.58526 2.81985 2.83194 2.916 2.94741 2.97119 3.03838 3.07595 3.09987 3.12982 3.2828 3.33875 3.38848 3.40193 3.42889 3.52022 3.60707 3.66931 3.72702 3.76688 3.86577 3.91161 3.98868 4.02115 4.02722 4.15407 4.15455 4.17596 4.1934 4.22734 4.3247 4.39163 4.39194 4.52358 4.54833 4.58047 4.68622 4.72853 4.73224 4.74224 4.79131 4.83061 4.83587 4.86756 5.09123 5.28607 5.32963 5.44784 5.51315 5.5389 5.56686 5.5716 5.69668 5.71405 5.72172 5.83193 5.96506 5.98225 5.98538 6.27335 6.46912 6.49268 6.55944 6.81243 6.93135 6.93491 7.04608 7.27762 7.43063 7.51268 0 0 0 0 0 0 0 0 0 0 0 0 0 0 0 0 0 0 0 0 0 0 0 0 0 0 0 0 0 0 0 0 0 0 0 0 0 0 0 0 0 0 0 0 0 0 0 0 0 0 0 0 0 0 0 0 0 0 0 0 0 0 0 0 0 0 0 0 0 0 0 0 0 0 0 0 0 0 0 0 0 0 0 0 0 0 0 0 0 0 0 0 0 0 0 0 0 0 0 0 0 0 0 0 0 0 0 0 0 0 0 0 0 0 0 0 0 0 0 0 0 0 0 0 0 0 0 0 0 0 0 0 0 0 0 0 0 0 0 0 0 0 0 0 0 0 0 0 0 0 0 0 0 0 0 0 0 0 0 0 0 0 0 0 0 0 0 0 0 0 0 0 0 0 0 0 0 0 0 0 0 0 0 0 0 0 0 0 0 0 0 0 0 0 0 0 0 0 0 0 0 0 0 0 0 0 0 0 0 0 0 0 0 0 0 0 0 0 0 0 0 0 0 0 0 0 0 0 0 0 0 0 0 0 0 0 0 0 0 0 0 0 0 0 0 0 0 0 0 0 0 0 0 0 0 0 0 0 0 0 0 0 0 0 0 0 0 0 0 0 0 0 0 0 0 0 0 0 0 0 0 0 0 0 0 0 0 0 0 0 0 0 0 0 0 0 0 0 0 0 0 0 0 0 0 0 0 0 0 0 0 0 0 0 0 0 0 0 0 0 0 0 0 0 0 0 0 0 0 0 0 0 0 0 0 0 0 0 0 0 0 0 0 0 0 0 0 0 0 0 0 0 0 0 0 0 0 0 0 0 0 0 0 0 0 0 0 0 0 0 0 0 0 0 0
 -1.35944 -1.22291 -0.94517 -0.924236 -0.55115 -0.550418 -0.117126 0.0679104 0.0868492 0.20391 0.517404 0.525656 0.565874 0.652201 0.712803 0.728458 0.764832 0.810261 0.940713 1.00481 1.0052 1.07876 1.08145 1.10427 1.15161 1.35107 1.35623 1.40451 1.41023 1.4499 1.48582 1.52706 1.61275 1.64609 1.67757 1.71866 1.81853 1.91592 2.02084 2.0385 2.05696 2.07992 2.09679 2.16129 2.25093 2.30902 2.37643 2.40124 2.45558 2.4649 2.49192 2.54376 2.59373 2.72001 2.75901 2.81056 2.83268 2.85435 2.87854 2.90923 2.90968 2.92803 2.93094 3.13129 3.15641 3.17534 3.187 3.3375 3.34908 3.36323 3.36745 3.36897 3.3747 3.43025 3.46592 3.57685 3.74571 3.82905 3.83759 3.8488 3.85998 3.91466 3.94042 4.06472 4.10981 4.10986 4.24731 4.43186 4.47424 4.48294 4.52646 4.6309 4.65069 4.65312 4.78837 4.83455 4.93311 4.95706 5.08776 5.09686 5.14182 5.17798 5.23165 5.45484 5.48449 5.62906 5.65503 5.69764 5.84303 5.88063 5.89097 6.04587 6.19037 6.19194 6.19903 6.2972 6.44889 6.46007 6.88058 7.23936 7.42345 7.88056 7.93421 7.9943 8.48626 0 0 0 0 0 0 0 0 0 0 0 0 0 0 0 0 0 0 0 0 0 0 0 0 0 0 0 0 0 0 0 0 0 0 0 0 0 0 0 0 0 0 0 0 0 0 0 0 0 0 0 0 0 0 0 0 0 0 0 0 0 0 0 0 0 0 0 0 0 0 0 0 0 0 0 0 0 0 0 0 0 0 0 0 0 0 0 0 0 0 0 0 0 0 0 0 0 0 0 0 0 0 0 0 0 0 0 0 0 0 0 0 0 0 0 0 0 0 0 0 0 0 0 0 0 0 0 0 0 0 0 0 0 0 0 0 0 0 0 0 0 0 0 0 0 0 0 0 0 0 0 0 0 0 0 0 0 0 0 0 0 0 0 0 0 0 0 0 0 0 0 0 0 0 0 0 0 0 0 0 0 0 0 0 0 0 0 0 0 0 0 0 0 0 0 0 0 0 0 0 0 0 0 0 0 0 0 0 0 0 0 0 0 0 0 0 0 0 0 0 0 0 0 0 0 0 0 0 0 0 0 0 0 0 0 0 0 0 0 0 0 0 0 0 0 0 0 0 0 0 0 0 0 0 0 0 0 0 0 0 0 0 0 0 0 0 0 0 0 0 0 0 0 0 0 0 0 0 0 0 0 0 0 0 0 0 0 0 0 0 0 0 0 0 0 0 0 0 0 0 0 0 0 0 0 0 0 0 0 0 0 0 0 0 0 0 0 0 0 0 0 0 0 0 0 0 0 0 0 0 0 0 0 0 0 0 0 0 0 0 0 0 0 0 0 0 0 0 0 0 0 0 0 0 0 0 0 0 0 0 0 0 0 0 0 0 0 0 0 0 0 0 0 0 0
 -2.66648 -2.01578 -1.84507 -1.15506 -1.06104 -0.650167 -0.461677 0.0128603 0.0944412 0.107068 0.135027 0.196247 0.557156 0.637092 0.647257 0.738595 0.750148 0.777263 0.8355 0.88816 0.931075 1.02276 1.10341 1.18434 1.37258 1.39741 1.48278 1.48771 1.51137 1.57128 1.57393 1.60769 1.60834 1.6506 1.65914 1.69205 1.70907 1.70953 1.75233 1.78257 1.85015 1.89593 2.04149 2.0649 2.11484 2.1337 2.20595 2.23873 2.28743 2.45919 2.46393 2.47914 2.56433 2.57732 2.6697 2.68259 2.69286 2.74649 2.76222 2.79916 2.82904 3.03607 3.04301 3.08781 3.17171 3.20837 3.4353 3.44391 3.47485 3.51872 3.55637 3.58606 3.6933 3.72689 3.74768 3.7567 3.80259 3.86568 3.95607 4.0393 4.17347 4.2959 4.3172 4.32095 4.49741 4.49805 4.60634 4.72384 4.78143 4.82044 4.87908 4.96517 4.97316 4.98751 5.01141 5.03432 5.12149 5.1445 5.16664 5.17901 5.27872 5.28517 5.29953 5.35907 5.64188 5.67526 5.7398 5.77713 5.78787 5.90208 5.9892 5.98959 6.13553 6.13928 6.29323 6.37248 6.50509 6.61878 6.74989 6.81096 6.87178 6.9035 7.08449 7.37683 7.65775 0 0 0 0 0 0 0 0 0 0 0 0 0 0 0 0 0 0 0 0 0 0 0 0 0 0 0 0 0 0 0 0 0 0 0 0 0 0 0 0 0 0 0 0 0 0 0 0 0 0 0 0 0 0 0 0 0 0 0 0 0 0 0 0 0 0 0 0 0 0 0 0 0 0 0 0 0 0 0 0 0 0 0 0 0 0 0 0 0 0 0 0 0 0 0 0 0 0 0 0 0 0 0 0 0 0 0 0 0 0 0 0 0 0 0 0 0 0 0 0 0 0 0 0 0 0 0 0 0 0 0 0 0 0 0 0 0 0 0 0 0 0 0 0 0 0 0 0 0 0 0 0 0 0 0 0 0 0 0 0 0 0 0 0 0 0 0 0 0 0 0 0 0 0 0 0 0 0 0 0 0 0 0 0 0 0 0 0 0 0 0 0 0 0 0 0 0 0 0 0 0 0 0 0 0 0 0 0 0 0 0 0 0 0 0 0 0 0 0 0 0 0 0 0 0 0 0 0 0 0 0 0 0 0 0 0 0 0 0 0 0 0 0 0 0 0 0 0 0 0 0 0 0 0 0 0 0 0 0 0 0 0 0 0 0 0 0 0 0 0 0 0 0 0 0 0 0 0 0 0 0 0 0 0 0 0 0 0 0 0 0 0 0 0 0 0 0 0 0 0 0 0 0 0 0 0 0 0 0 0 0 0 0 0 0 0 0 0 0 0 0 0 0 0 0 0 0 0 0 0 0 0 0 0 0 0 0 0 0 0 0 0 0 0 0 0 0 0 0 0 0 0 0 0 0 0 0 0 0 0 0 0 0 0 0 0 0 0 0 0 0 0 0 0 0
 -1.39223 -1.2719 -1.21562 -0.887341 -0.643967 -0.326951 -0.091353 0.0167398 0.042335 0.0538121 0.107586 0.201345 0.256293 0.280795 0.558952 0.600551 0.797129 0.802559 0.849253 0.859478 0.863057 0.892516 0.897939 0.920333 1.14223 1.21261 1.25734 1.26213 1.2755 1.31823 1.32024 1.36749 1.5197 1.52161 1.55671 1.60346 1.7291 1.81829 1.83243 1.8723 1.97439 2.00374 2.0063 2.00971 2.0752 2.10195 2.17704 2.32283 2.37467 2.4839 2.50445 2.56843 2.71743 2.81779 2.83924 2.8607 2.86987 2.89209 2.89304 2.91373 2.98716 3.00419 3.08101 3.10361 3.10763 3.30489 3.35478 3.3674 3.62213 3.66886 3.71055 3.7264 3.7266 3.76772 3.77262 3.78542 3.8305 3.83762 3.97126 3.9818 4.05778 4.09562 4.11103 4.11555 4.27549 4.35867 4.4312 4.59987 4.62685 4.69012 4.74773 4.77467 4.83065 4.86091 4.87494 4.89419 5.07077 5.08543 5.14629 5.17758 5.18028 5.25897 5.32621 5.40264 5.42166 5.42963 5.51374 5.59192 5.62815 5.70617 5.85587 5.93668 5.93949 5.95749 5.95896 6.12412 6.42593 6.44931 6.756 7.08153 7.10595 7.33222 8.28015 8.28714 8.43987 0 0 0 0 0 0 0 0 0 0 0 0 0 0 0 0 0 0 0 0 0 0 0 0 0 0 0 0 0 0 0 0 0 0 0 0 0 0 0 0 0 0 0 0 0 0 0 0 0 0 0 0 0 0 0 0 0 0 0 0 0 0 0 0 0 0 0 0 0 0 0 0 0 0 0 0 0 0 0 0 0 0 0 0 0 0 0 0 0 0 0 0 0 0 0 0 0 0 0 0 0 0 0 0 0 0 0 0 0 0 0 0 0 0 0 0 0 0 0 0 0 0 0 0 0 0 0 0 0 0 0 0 0 0 0 0 0 0 0 0 0 0 0 0 0 0 0 0 0 0 0 0 0 0 0 0 0 0 0 0 0 0 0 0 0 0 0 0 0 0 0 0 0 0 0 0 0 0 0 0 0 0 0 0 0 0 0 0 0 0 0 0 0 0 0 0 0 0 0 0 0 0 0 0 0 0 0 0 0 0 0 0 0 0 0 0 0 0 0 0 0 0 0 0 0 0 0 0 0 0 0 0 0 0 0 0 0 0 0 0 0 0 0 0 0 0 0 0 0 0 0 0 0 0 0 0 0 0 0 0 0 0 0 0 0 0 0 0 0 0 0 0 0 0 0 0 0 0 0 0 0 0 0 0 0 0 0 0 0 0 0 0 0 0 0 0 0 0 0 0 0 0 0 0 0 0 0 0 0 0 0 0 0 0 0 0 0 0 0 0 0 0 0 0 0 0 0 0 0 0 0 0 0 0 0 0 0 0 0 0 0 0 0 0 0 0 0 0 0 0 0 0 0 0 0 0 0 0 0 0 0 0 0 0 0 0 0 0 0 0 0 0 0 0 0
 -0.988449 -0.899781 -0.841362 -0.657433 -0.638163 -0.543266 -0.318728 -0.13329 -0.127176 0.00781527 0.0485589 0.211731 0.503981 0.552498 0.55949 0.629072 0.645783 0.730694 0.823477 0.879239 0.884907 0.890518 0.973364 1.04585 1.09713 1.18102 1.26591 1.42813 1.79927 1.84255 1.8535 1.86725 1.87705 1.91136 1.99642 1.99876 2.01833 2.03829 2.05369 2.09309 2.13964 2.14117 2.15199 2.16776 2.19435 2.22514 2.24227 2.37184 2.38485 2.38812 2.40369 2.41769 2.44686 2.45381 2.64261 2.65699 2.68487 2.76004 2.96207 2.96952 2.99895 3.03676 3.13561 3.16052 3.16649 3.16777 3.25639 3.2684 3.38864 3.50795 3.55195 3.5626 3.58505 3.613 3.65199 3.69502 3.73753 3.7583 3.77394 3.78779 3.80145 3.88558 3.90923 4.00032 4.16121 4.16294 4.17974 4.23404 4.31254 4.32179 4.44661 4.49699 4.5347 4.56485 4.57565 4.75522 4.76627 4.89635 4.93429 5.12587 5.14167 5.18427 5.18636 5.18851 5.27043 5.43063 5.48454 5.56641 5.63515 5.65809 5.70675 5.95164 6.0233 6.03436 6.04836 6.25447 6.34451 6.50629 6.88395 7.00006 7.26905 7.53803 7.86603 8.05258 8.27896 0 0 0 0 0 0 0 0 0 0 0 0 0 0 0 0 0 0 0 0 0 0 0 0 0 0 0 0 0 0 0 0 0 0 0 0 0 0 0 0 0 0 0 0 0 0 0 0 0 0 0 0 0 0 0 0 0 0 0 0 0 0 0 0 0 0 0 0 0 0 0 0 0 0 0 0 0 0 0 0 0 0 0 0 0 0 0 0 0 0 0 0 0 0 0 0 0 0 0 0 0 0 0 0 0 0 0 0 0 0 0 0 0 0 0 0 0 0 0 0 0 0 0 0 0 0 0 0 0 0 0 0 0 0 0 0 0 0 0 0 0 0 0 0 0 0 0 0 0 0 0 0 0 0 0 0 0 0 0 0 0 0 0 0 0 0 0 0 0 0 0 0 0 0 0 0 0 0 0 0 0 0 0 0 0 0 0 0 0 0 0 0 0 0 0 0 0 0 0 0 0 0 0 0 0 0 0 0 0 0 0 0 0 0 0 0 0 0 0 0 0 0 0 0 0 0 0 0 0 0 0 0 0 0 0 0 0 0 0 0 0 0 0 0 0 0 0 0 0 0 0 0 0 0 0 0 0 0 0 0 0 0 0 0 0 0 0 0 0 0 0 0 0 0 0 0 0 0 0 0 0 0 0 0 0 0 0 0 0 0 0 0 0 0 0 0 0 0 0 0 0 0 0 0 0 0 0 0 0 0 0 0 0 0 0 0 0 0 0 0 0 0 0 0 0 0 0 0 0 0 0 0 0 0 0 0 0 0 0 0 0 0 0 0 0 0 0 0 0 0 0 0 0 0 0 0 0 0 0 0 0 0 0 0 0 0 0 0 0 0 0 0 0 0 0
 -2.75469 -2.27345 -1.04635 -0.949052 -0.930366 -0.567169 -0.356976 -0.240903 -0.0749104 -0.0509133 0.0874985 0.106374 0.12807 0.366279 0.441649 0.492837 0.545697 0.552418 0.637143 0.693308 0.714757 0.733283 0.771417 0.864539 1.04745 1.10811 1.13849 1.24814 1.27028 1.2761 1.30419 1.42748 1.42808 1.43579 1.55552 1.63591 1.77097 1.78995 1.84913 1.98797 2.05323 2.11101 2.19636 2.24279 2.26472 2.35243 2.38197 2.39426 2.43418 2.54574 2.55035 2.57298 2.62577 2.64629 2.84548 2.8456 2.86302 2.86652 2.96416 2.99494 3.07263 3.08553 3.13529 3.16212 3.1861 3.2477 3.25499 3.30888 3.43039 3.43642 3.44564 3.52215 3.6307 3.69497 3.72893 3.76075 3.88168 4.06162 4.06823 4.10952 4.11225 4.15254 4.19213 4.28639 4.40133 4.48865 4.519 4.58467 4.59942 4.61326 4.76262 5.03352 5.18139 5.2049 5.29207 5.33179 5.334 5.42699 5.45571 5.4759 5.72034 5.7666 5.89982 6.00955 6.02219 6.03943 6.04781 6.1319 6.14121 6.25569 6.29342 6.38698 6.41026 6.45771 6.54938 6.69925 6.85995 7.019 7.03655 7.10413 7.21251 7.22961 7.35573 7.42669 7.6158 0 0 0 0 0 0 0 0 0 0 0 0 0 0 0 0 0 0 0 0 0 0 0 0 0 0 0 0 0 0 0 0 0 0 0 0 0 0 0 0 0 0 0 0 0 0 0 0 0 0 0 0 0 0 0 0 0 0 0 0 0 0 0 0 0 0 0 0 0 0 0 0 0 0 0 0 0 0 0 0 0 0 0 0 0 0 0 0 0 0 0 0 0 0 0 0 0 0 0 0 0 0 0 0 0 0 0 0 0 0 0 0 0 0 0 0 0 0 0 0 0 0 0 0 0 0 0 0 0 0 0 0 0 0 0 0 0 0 0 0 0 0 0 0 0 0 0 0 0 0 0 0 0 0 0 0 0 0 0 0 0 0 0 0 0 0 0 0 0 0 0 0 0 0 0 0 0 0 0 0 0 0 0 0 0 0 0 0 0 0 0 0 0 0 0 0 0 0 0 0 0 0 0 0 0 0 0 0 0 0 0 0 0 0 0 0 0 0 0 0 0 0 0 0 0 0 0 0 0 0 0 0 0 0 0 0 0 0 0 0 0 0 0 0 0 0 0 0 0 0 0 0 0 0 0 0 0 0 0 0 0 0 0 0 0 0 0 0 0 0 0 0 0 0 0 0 0 0 0 0 0 0 0 0 0 0 0 0 0 0 0 0 0 0 0 0 0 0 0 0 0 0 0 0 0 0 0 0 0 0 0 0 0 0 0 0 0 0 0 0 0 0 0 0 0 0 0 0 0 0 0 0 0 0 0 0 0 0 0 0 0 0 0 0 0 0 0 0 0 0 0 0 0 0 0 0 0 0 0 0 0 0 0 0 0 0 0 0 0 0 0 0 0 0 0
 -1.46122 -0.826753 -0.712111 -0.649296 -0.133807 -0.031397 -0.00316854 -0.000554 0.0021047 0.109758 0.139685 0.151933 0.173587 0.33893 0.500201 0.511639 0.566551 0.831782 0.956807 0.965132 1.14259 1.16136 1.21467 1.23888 1.3048 1.33378 1.35017 1.37377 1.37435 1.41983 1.44343 1.47539 1.55546 1.56815 1.57231 1.59183 1.62925 1.69252 1.80238 1.83047 2.05125 2.08337 2.17271 2.18102 2.19256 2.21481 2.2228 2.28133 2.34426 2.39138 2.44847 2.46734 2.53104 2.72331 2.78276 2.79239 2.91881 2.98872 3.07873 3.13988 3.21327 3.2779 3.31024 3.32702 3.34986 3.41753 3.52747 3.57838 3.58515 3.61367 3.66058 3.68605 3.7086 3.74652 3.77181 3.81221 3.83584 3.847 3.87772 3.92625 3.94644 3.97549 4.03043 4.29878 4.31482 4.39037 4.39323 4.39749 4.45902 4.48147 4.49353 4.68708 4.75965 4.82202 4.8528 4.85796 4.88314 4.91005 4.9797 5.07381 5.11517 5.15671 5.20688 5.23725 5.31478 5.35474 5.42953 5.51923 5.52238 5.53398 5.65875 5.66069 5.68299 5.76343 5.93077 5.96325 6.23275 6.2384 6.4206 6.67671 6.80768 7.0603 7.09594 8.16882 8.18108 0 0 0 0 0 0 0 0 0 0 0 0 0 0 0 0 0 0 0 0 0 0 0 0 0 0 0 0 0 0 0 0 0 0 0 0 0 0 0 0 0 0 0 0 0 0 0 0 0 0 0 0 0 0 0 0 0 0 0 0 0 0 0 0 0 0 0 0 0 0 0 0 0 0 0 0 0 0 0 0 0 0 0 0 0 0 0 0 0 0 0 0 0 0 0 0 0 0 0 0 0 0 0 0 0 0 0 0 0 0 0 0 0 0 0 0 0 0 0 0 0 0 0 0 0 0 0 0 0 0 0 0 0 0 0 0 0 0 0 0 0 0 0 0 0 0 0 0 0 0 0 0 0 0 0 0 0 0 0 0 0 0 0 0 0 0 0 0 0 0 0 0 0 0 0 0 0 0 0 0 0 0 0 0 0 0 0 0 0 0 0 0 0 0 0 0 0 0 0 0 0 0 0 0 0 0 0 0 0 0 0 0 0 0 0 0 0 0 0 0 0 0 0 0 0 0 0 0 0 0 0 0 0 0 0 0 0 0 0 0 0 0 0 0 0 0 0 0 0 0 0 0 0 0 0 0 0 0 0 0 0 0 0 0 0 0 0 0 0 0 0 0 0 0 0 0 0 0 0 0 0 0 0 0 0 0 0 0 0 0 0 0 0 0 0 0 0 0 0 0 0 0 0 0 0 0 0 0 0 0 0 0 0 0 0 0 0 0 0 0 0 0 0 0 0 0 0 0 0 0 0 0 0 0 0 0 0 0 0 0 0 0 0 0 0 0 0 0 0 0 0 0 0 0 0 0 0 0 0 0 0 0 0 0 0 0 0 0 0 0 0 0 0 0 0
 -1.46379 -1.15274 -1.058 -0.493308 -0.364325 -0.268322 -0.243291 0.0168898 0.167339 0.196877 0.361851 0.388033 0.568769 0.598958 0.677029 0.718996 0.733791 0.733813 0.807494 1.06444 1.08865 1.14539 1.16335 1.19762 1.20999 1.29586 1.38701 1.45057 1.55701 1.74376 1.8122 1.84738 1.8677 1.89062 1.92195 1.99025 2.02953 2.03398 2.08164 2.11204 2.16979 2.22228 2.22425 2.22643 2.26547 2.28075 2.30869 2.37942 2.40592 2.52169 2.54715 2.55593 2.64278 2.64873 2.74887 2.79808 2.82524 2.87182 2.94517 2.95397 3.07085 3.14544 3.16423 3.18498 3.24227 3.39416 3.46563 3.48965 3.49598 3.49624 3.55202 3.6361 3.69314 3.69848 3.69856 3.79892 3.87675 3.88849 3.96098 3.97822 4.0683 4.08017 4.08369 4.10847 4.11654 4.17215 4.20641 4.20668 4.21478 4.24186 4.25983 4.30168 4.44352 4.71027 4.79035 4.81899 4.90481 4.99387 5.03967 5.073 5.10374 5.10484 5.24071 5.25078 5.2631 5.27275 5.30317 5.49308 5.57926 5.64377 5.77084 5.99721 6.01069 6.03218 6.2129 6.26155 6.30404 6.38523 6.7319 7.04071 7.26367 7.42444 7.72475 8.2382 8.90149 0 0 0 0 0 0 0 0 0 0 0 0 0 0 0 0 0 0 0 0 0 0 0 0 0 0 0 0 0 0 0 0 0 0 0 0 0 0 0 0 0 0 0 0 0 0 0 0 0 0 0 0 0 0 0 0 0 0 0 0 0 0 0 0 0 0 0 0 0 0 0 0 0 0 0 0 0 0 0 0 0 0 0 0 0 0 0 0 0 0 0 0 0 0 0 0 0 0 0 0 0 0 0 0 0 0 0 0 0 0 0 0 0 0 0 0 0 0 0 0 0 0 0 0 0 0 0 0 0 0 0 0 0 0 0 0 0 0 0 0 0 0 0 0 0 0 0 0 0 0 0 0 0 0 0 0 0 0 0 0 0 0 0 0 0 0 0 0 0 0 0 0 0 0 0 0 0 0 0 0 0 0 0 0 0 0 0 0 0 0 0 0 0 0 0 0 0 0 0 0 0 0 0 0 0 0 0 0 0 0 0 0 0 0 0 0 0 0 0 0 0 0 0 0 0 0 0 0 0 0 0 0 0 0 0 0 0 0 0 0 0 0 0 0 0 0 0 0 0 0 0 0 0 0 0 0 0 0 0 0 0 0 0 0 0 0 0 0 0 0 0 0 0 0 0 0 0 0 0 0 0 0 0 0 0 0 0 0 0 0 0 0 0 0 0 0 0 0 0 0 0 0 0 0 0 0 0 0 0 0 0 0 0 0 0 0 0 0 0 0 0 0 0 0 0 0 0 0 0 0 0 0 0 0 0 0 0 0 0 0 0 0 0 0 0 0 0 0 0 0 0 0 0 0 0 0 0 0 0 0 0 0 0 0 0 0 0 0 0 0 0 0 0 0 0
 -1.38761 -0.620656 -0.456095 -0.455776 -0.394881 -0.331073 -0.203352 -0.0926645 0.099508 0.134631 0.218555 0.360093 0.521639 0.60207 0.691574 0.728208 0.762522 0.794542 0.976528 0.98574 1.07086 1.19507 1.19707 1.23656 1.26055 1.31613 1.3511 1.37539 1.37783 1.42339 1.58338 1.58921 1.67067 1.67937 1.69216 1.72018 1.80261 1.8183 1.97063 1.97695 2.17715 2.35086 2.48026 2.52998 2.53436 2.54412 2.58928 2.59154 2.63801 2.65478 2.74217 2.78612 2.87953 2.89997 2.92487 2.92661 2.95546 3.00688 3.11366 3.1614 3.16179 3.22038 3.22362 3.22814 3.24326 3.38174 3.38904 3.39367 3.5063 3.51682 3.61401 3.71436 3.73869 3.85353 3.96867 3.96895 3.97641 3.98739 3.99173 4.01481 4.04468 4.0591 4.09102 4.12953 4.17019 4.27855 4.34257 4.51046 4.54732 4.5521 4.62917 4.67067 4.71461 4.78442 4.88542 4.89891 4.96108 5.06676 5.09522 5.15672 5.18111 5.21905 5.2319 5.24282 5.28575 5.3136 5.35485 5.41177 5.49254 5.49889 5.62543 5.67425 5.69527 5.71044 6.23999 6.3899 6.61738 6.72113 6.95925 6.97062 6.98254 7.27154 7.43517 7.70904 7.85355 0 0 0 0 0 0 0 0 0 0 0 0 0 0 0 0 0 0 0 0 0 0 0 0 0 0 0 0 0 0 0 0 0 0 0 0 0 0 0 0 0 0 0 0 0 0 0 0 0 0 0 0 0 0 0 0 0 0 0 0 0 0 0 0 0 0 0 0 0 0 0 0 0 0 0 0 0 0 0 0 0 0 0 0 0 0 0 0 0 0 0 0 0 0 0 0 0 0 0 0 0 0 0 0 0 0 0 0 0 0 0 0 0 0 0 0 0 0 0 0 0 0 0 0 0 0 0 0 0 0 0 0 0 0 0 0 0 0 0 0 0 0 0 0 0 0 0 0 0 0 0 0 0 0 0 0 0 0 0 0 0 0 0 0 0 0 0 0 0 0 0 0 0 0 0 0 0 0 0 0 0 0 0 0 0 0 0 0 0 0 0 0 0 0 0 0 0 0 0 0 0 0 0 0 0 0 0 0 0 0 0 0 0 0 0 0 0 0 0 0 0 0 0 0 0 0 0 0 0 0 0 0 0 0 0 0 0 0 0 0 0 0 0 0 0 0 0 0 0 0 0 0 0 0 0 0 0 0 0 0 0 0 0 0 0 0 0 0 0 0 0 0 0 0 0 0 0 0 0 0 0 0 0 0 0 0 0 0 0 0 0 0 0 0 0 0 0 0 0 0 0 0 0 0 0 0 0 0 0 0 0 0 0 0 0 0 0 0 0 0 0 0 0 0 0 0 0 0 0 0 0 0 0 0 0 0 0 0 0 0 0 0 0 0 0 0 0 0 0 0 0 0 0 0 0 0 0 0 0 0 0 0 0 0 0 0 0 0 0 0 0 0 0 0 0
 -1.27946 -0.711912 -0.42623 -0.299638 -0.0473466 -0.0303659 0.0226636 0.0558575 0.184344 0.244144 0.374926 0.600592 0.633124 0.682544 0.720038 0.887846 0.92399 0.947434 0.951789 0.982224 0.987887 1.06721 1.07879 1.08253 1.20786 1.31895 1.34777 1.40128 1.45397 1.46448 1.4703 1.5019 1.52669 1.66219 1.72882 1.83052 1.85901 1.92399 1.96378 2.01991 2.11832 2.17287 2.24827 2.2637 2.40061 2.42832 2.56949 2.57081 2.60835 2.67006 2.71481 2.71554 2.86015 2.89318 2.90322 3.01313 3.02873 3.09304 3.22742 3.23215 3.24196 3.29437 3.53627 3.56419 3.63752 3.65215 3.69617 3.74015 3.75835 3.77139 3.79315 3.85477 3.88891 3.89076 3.89234 3.95094 3.98409 4.00419 4.04687 4.08677 4.17534 4.21793 4.25177 4.38216 4.47213 4.62125 4.64714 4.78131 4.79521 4.90576 5.00604 5.02622 5.16115 5.21835 5.22708 5.22952 5.25473 5.26252 5.46011 5.46186 5.60264 5.61004 5.61306 5.6798 5.75992 5.7619 5.77339 5.80883 5.90102 6.03447 6.03963 6.05618 6.05985 6.47582 6.50074 6.56652 6.73643 6.78457 6.8587 7.55347 7.6125 7.70437 7.78296 7.83056 8.50994 0 0 0 0 0 0 0 0 0 0 0 0 0 0 0 0 0 0 0 0 0 0 0 0 0 0 0 0 0 0 0 0 0 0 0 0 0 0 0 0 0 0 0 0 0 0 0 0 0 0 0 0 0 0 0 0 0 0 0 0 0 0 0 0 0 0 0 0 0 0 0 0 0 0 0 0 0 0 0 0 0 0 0 0 0 0 0 0 0 0 0 0 0 0 0 0 0 0 0 0 0 0 0 0 0 0 0 0 0 0 0 0 0 0 0 0 0 0 0 0 0 0 0 0 0 0 0 0 0 0 0 0 0 0 0 0 0 0 0 0 0 0 0 0 0 0 0 0 0 0 0 0 0 0 0 0 0 0 0 0 0 0 0 0 0 0 0 0 0 0 0 0 0 0 0 0 0 0 0 0 0 0 0 0 0 0 0 0 0 0 0 0 0 0 0 0 0 0 0 0 0 0 0 0 0 0 0 0 0 0 0 0 0 0 0 0 0 0 0 0 0 0 0 0 0 0 0 0 0 0 0 0 0 0 0 0 0 0 0 0 0 0 0 0 0 0 0 0 0 0 0 0 0 0 0 0 0 0 0 0 0 0 0 0 0 0 0 0 0 0 0 0 0 0 0 0 0 0 0 0 0 0 0 0 0 0 0 0 0 0 0 0 0 0 0 0 0 0 0 0 0 0 0 0 0 0 0 0 0 0 0 0 0 0 0 0 0 0 0 0 0 0 0 0 0 0 0 0 0 0 0 0 0 0 0 0 0 0 0 0 0 0 0 0 0 0 0 0 0 0 0 0 0 0 0 0 0 0 0 0 0 0 0 0 0 0 0 0 0 0 0 0 0 0 0
 -1.71759 -1.49666 -0.8927 -0.851112 -0.792207 -0.765401 -0.761931 -0.736256 -0.518657 -0.454935 -0.333758 -0.232885 -0.075119 -0.0408873 0.0780899 0.283359 0.397758 0.593325 0.664984 0.682258 0.771084 0.9157 1.09359 1.52222 1.52753 1.56765 1.57806 1.58566 1.62772 1.65471 1.70263 1.72394 1.73739 1.81216 1.9851 2.03535 2.06783 2.07094 2.1056 2.11423 2.15739 2.22342 2.23603 2.3806 2.5068 2.50992 2.56291 2.58631 2.60348 2.62436 2.71485 2.78512 2.8876 2.92184 2.9519 2.95455 2.95835 2.98406 3.09624 3.20012 3.29983 3.42347 3.5353 3.53705 3.56737 3.63739 3.67335 3.70225 3.71293 3.76498 3.79268 3.80837 3.85004 3.86358 3.89928 3.90768 4.04506 4.06939 4.08292 4.1539 4.21596 4.25267 4.25495 4.43387 4.44108 4.47898 4.54137 4.59012 4.60012 4.6307 4.70502 4.71207 4.76957 4.81931 4.82168 4.85835 4.86019 4.8853 4.89525 4.96256 5.17038 5.17476 5.41007 5.53532 5.56688 5.64929 5.78035 5.80071 5.81578 5.82363 5.86012 5.95966 6.02073 6.06662 6.12516 6.24454 6.32653 6.43738 6.50918 6.66085 6.78941 6.84968 7.49114 7.7091 7.77409 0 0 0 0 0 0 0 0 0 0 0 0 0 0 0 0 0 0 0 0 0 0 0 0 0 0 0 0 0 0 0 0 0 0 0 0 0 0 0 0 0 0 0 0 0 0 0 0 0 0 0 0 0 0 0 0 0 0 0 0 0 0 0 0 0 0 0 0 0 0 0 0 0 0 0 0 0 0 0 0 0 0 0 0 0 0 0 0 0 0 0 0 0 0 0 0 0 0 0 0 0 0 0 0 0 0 0 0 0 0 0 0 0 0 0 0 0 0 0 0 0 0 0 0 0 0 0 0 0 0 0 0 0 0 0 0 0 0 0 0 0 0 0 0 0 0 0 0 0 0 0 0 0 0 0 0 0 0 0 0 0 0 0 0 0 0 0 0 0 0 0 0 0 0 0 0 0 0 0 0 0 0 0 0 0 0 0 0 0 0 0 0 0 0 0 0 0 0 0 0 0 0 0 0 0 0 0 0 0 0 0 0 0 0 0 0 0 0 0 0 0 0 0 0 0 0 0 0 0 0 0 0 0 0 0 0 0 0 0 0 0 0 0 0 0 0 0 0 0 0 0 0 0 0 0 0 0 0 0 0 0 0 0 0 0 0 0 0 0 0 0 0 0 0 0 0 0 0 0 0 0 0 0 0 0 0 0 0 0 0 0 0 0 0 0 0 0 0 0 0 0 0 0 0 0 0 0 0 0 0 0 0 0 0 0 0 0 0 0 0 0 0 0 0 0 0 0 0 0 0 0 0 0 0 0 0 0 0 0 0 0 0 0 0 0 0 0 0 0 0 0 0 0 0 0 0 0 0 0 0 0 0 0 0 0 0 0 0 0 0 0 0 0 0 0
 -2.39059 -0.585707 -0.517944 -0.412887 -0.396121 -0.218486 -0.0858426 -0.012795 0.032967 0.310083 0.476754 0.520653 0.577091 0.616323 0.643012 0.664937 0.942643 0.94813 0.972898 1.02222 1.08688 1.09804 1.15476 1.262 1.26514 1.26793 1.29475 1.33048 1.40506 1.43543 1.45909 1.46406 1.50625 1.5133 1.58873 1.60472 1.61651 1.73424 1.74048 1.85826 1.93053 2.03712 2.05164 2.12708 2.1547 2.20233 2.32325 2.43916 2.46492 2.46798 2.59335 2.63607 2.7139 2.72952 2.79103 2.8084 2.81101 2.86623 2.91971 2.93533 2.9395 3.03801 3.07469 3.10817 3.20776 3.34801 3.34907 3.37228 3.41082 3.55917 3.56554 3.71968 3.75874 3.76471 3.79071 3.80406 3.82368 3.85844 3.93879 3.97641 4.02343 4.05603 4.08576 4.10258 4.2225 4.25381 4.27817 4.48662 4.55442 4.58799 4.73768 4.82099 4.88825 4.89505 4.92624 4.95665 5.01851 5.04261 5.09227 5.21838 5.26586 5.29947 5.47879 5.54266 5.5916 5.61606 5.62617 5.68582 5.76477 5.82986 5.84912 5.85124 5.86551 6.03094 6.20637 6.27211 6.51084 6.64342 6.68482 6.81318 6.85851 6.95967 7.03778 7.81696 9.27492 0 0 0 0 0 0 0 0 0 0 0 0 0 0 0 0 0 0 0 0 0 0 0 0 0 0 0 0 0 0 0 0 0 0 0 0 0 0 0 0 0 0 0 0 0 0 0 0 0 0 0 0 0 0 0 0 0 0 0 0 0 0 0 0 0 0 0 0 0 0 0 0 0 0 0 0 0 0 0 0 0 0 0 0 0 0 0 0 0 0 0 0 0 0 0 0 0 0 0 0 0 0 0 0 0 0 0 0 0 0 0 0 0 0 0 0 0 0 0 0 0 0 0 0 0 0 0 0 0 0 0 0 0 0 0 0 0 0 0 0 0 0 0 0 0 0 0 0 0 0 0 0 0 0 0 0 0 0 0 0 0 0 0 0 0 0 0 0 0 0 0 0 0 0 0 0 0 0 0 0 0 0 0 0 0 0 0 0 0 0 0 0 0 0 0 0 0 0 0 0 0 0 0 0 0 0 0 0 0 0 0 0 0 0 0 0 0 0 0 0 0 0 0 0 0 0 0 0 0 0 0 0 0 0 0 0 0 0 0 0 0 0 0 0 0 0 0 0 0 0 0 0 0 0 0 0 0 0 0 0 0 0 0 0 0 0 0 0 0 0 0 0 0 0 0 0 0 0 0 0 0 0 0 0 0 0 0 0 0 0 0 0 0 0 0 0 0 0 0 0 0 0 0 0 0 0 0 0 0 0 0 0 0 0 0 0 0 0 0 0 0 0 0 0 0 0 0 0 0 0 0 0 0 0 0 0 0 0 0 0 0 0 0 0 0 0 0 0 0 0 0 0 0 0 0 0 0 0 0 0 0 0 0 0 0 0 0 0 0 0 0 0 0 0 0
 -2.70118 -1.85198 -1.53703 -0.943689 -0.801433 -0.64436 -0.110658 -0.109385 -0.086573 0.11401 0.171074 0.192015 0.208981 0.350454 0.367369 0.509917 0.539143 0.731329 0.785537 0.908351 0.960449 1.00325 1.06518 1.07599 1.13499 1.16689 1.17342 1.18543 1.21901 1.24626 1.24745 1.32189 1.34735 1.40649 1.43711 1.44725 1.60545 1.62724 1.66404 1.69007 1.76773 1.78715 1.8105 1.82172 1.85312 1.86576 1.86744 1.87437 1.95824 1.99713 2.03699 2.08342 2.10102 2.10572 2.17137 2.33635 2.36963 2.40511 2.4213 2.43616 2.50553 2.55714 2.5947 2.60204 2.8351 2.93438 2.9573 2.99089 3.14758 3.20552 3.3359 3.3413 3.36591 3.37138 3.45972 3.54951 3.61296 3.73571 3.90349 4.01441 4.11769 4.11916 4.1625 4.1746 4.32071 4.57549 4.67291 4.70239 4.70316 4.78651 4.80031 4.86246 4.88764 4.92534 4.99086 4.99765 5.02359 5.02363 5.07118 5.09745 5.12048 5.35771 5.38614 5.42252 5.4474 5.47954 5.57429 5.59261 5.75853 5.8408 5.85478 5.86673 5.9311 6.25167 6.27899 6.38681 6.65649 6.89397 6.90617 6.91848 6.95873 7.13541 7.25405 7.97909 8.02155 0 0 0 0 0 0 0 0 0 0 0 0 0 0 0 0 0 0 0 0 0 0 0 0 0 0 0 0 0 0 0 0 0 0 0 0 0 0 0 0 0 0 0 0 0 0 0 0 0 0 0 0 0 0 0 0 0 0 0 0 0 0 0 0 0 0 0 0 0 0 0 0 0 0 0 0 0 0 0 0 0 0 0 0 0 0 0 0 0 0 0 0 0 0 0 0 0 0 0 0 0 0 0 0 0 0 0 0 0 0 0 0 0 0 0 0 0 0 0 0 0 0 0 0 0 0 0 0 0 0 0 0 0 0 0 0 0 0 0 0 0 0 0 0 0 0 0 0 0 0 0 0 0 0 0 0 0 0 0 0 0 0 0 0 0 0 0 0 0 0 0 0 0 0 0 0 0 0 0 0 0 0 0 0 0 0 0 0 0 0 0 0 0 0 0 0 0 0 0 0 0 0 0 0 0 0 0 0 0 0 0 0 0 0 0 0 0 0 0 0 0 0 0 0 0 0 0 0 0 0 0 0 0 0 0 0 0 0 0 0 0 0 0 0 0 0 0 0 0 0 0 0 0 0 0 0 0 0 0 0 0 0 0 0 0 0 0 0 0 0 0 0 0 0 0 0 0 0 0 0 0 0 0 0 0 0 0 0 0 0 0 0 0 0 0 0 0 0 0 0 0 0 0 0 0 0 0 0 0 0 0 0 0 0 0 0 0 0 0 0 0 0 0 0 0 0 0 0 0 0 0 0 0 0 0 0 0 0 0 0 0 0 0 0 0 0 0 0 0 0 0 0 0 0 0 0 0 0 0 0 0 0 0 0 0 0 0 0 0 0 0 0 0 0 0
 -1.21526 -1.18321 -1.13002 -0.980546 -0.762398 -0.674903 -0.672808 -0.622249 -0.549137 0.015356 0.20082 0.227929 0.417931 0.439454 0.483843 0.515575 0.648775 0.804062 0.871799 0.889838 0.932987 0.967394 0.996014 1.06478 1.18001 1.19865 1.24719 1.25997 1.2619 1.50511 1.52994 1.55726 1.58985 1.63933 1.68605 1.69896 1.84879 1.85324 1.90218 1.91112 1.98083 2.31802 2.36982 2.4609 2.50792 2.52565 2.54954 2.59762 2.62622 2.63103 2.64072 2.64454 2.70152 2.72833 2.74585 2.91704 2.93289 3.00541 3.06102 3.0658 3.0769 3.14658 3.22004 3.2421 3.26345 3.36097 3.36415 3.42436 3.46153 3.50616 3.54715 3.7617 3.76765 3.83344 3.84434 3.90049 3.95511 3.99925 4.00038 4.09273 4.10153 4.16929 4.24223 4.27594 4.42013 4.43992 4.44204 4.44489 4.48397 4.54386 4.61171 4.67477 4.7502 4.80024 4.87694 4.96888 5.06523 5.17776 5.1901 5.24091 5.34466 5.349 5.35702 5.39816 5.47319 5.50422 5.51859 5.56272 5.57416 5.89393 5.94047 6.02254 6.02767 6.14343 6.21349 6.22536 6.2879 6.33347 6.50165 6.78271 6.8362 7.03776 7.10954 7.23906 8.16098 0 0 0 0 0 0 0 0 0 0 0 0 0 0 0 0 0 0 0 0 0 0 0 0 0 0 0 0 0 0 0 0 0 0 0 0 0 0 0 0 0 0 0 0 0 0 0 0 0 0 0 0 0 0 0 0 0 0 0 0 0 0 0 0 0 0 0 0 0 0 0 0 0 0 0 0 0 0 0 0 0 0 0 0 0 0 0 0 0 0 0 0 0 0 0 0 0 0 0 0 0 0 0 0 0 0 0 0 0 0 0 0 0 0 0 0 0 0 0 0 0 0 0 0 0 0 0 0 0 0 0 0 0 0 0 0 0 0 0 0 0 0 0 0 0 0 0 0 0 0 0 0 0 0 0 0 0 0 0 0 0 0 0 0 0 0 0 0 0 0 0 0 0 0 0 0 0 0 0 0 0 0 0 0 0 0 0 0 0 0 0 0 0 0 0 0 0 0 0 0 0 0 0 0 0 0 0 0 0 0 0 0 0 0 0 0 0 0 0 0 0 0 0 0 0 0 0 0 0 0 0 0 0 0 0 0 0 0 0 0 0 0 0 0 0 0 0 0 0 0 0 0 0 0 0 0 0 0 0 0 0 0 0 0 0 0 0 0 0 0 0 0 0 0 0 0 0 0 0 0 0 0 0 0 0 0 0 0 0 0 0 0 0 0 0 0 0 0 0 0 0 0 0 0 0 0 0 0 0 0 0 0 0 0 0 0 0 0 0 0 0 0 0 0 0 0 0 0 0 0 0 0 0 0 0 0 0 0 0 0 0 0 0 0 0 0 0 0 0 0 0 0 0 0 0 0 0 0 0 0 0 0 0 0 0 0 0 0 0 0 0 0 0 0 0
 -2.12726 -1.46284 -1.2185 -1.00232 -0.883492 -0.854144 -0.469261 -0.418899 -0.112103 0.0417599 0.0650862 0.168094 0.23869 0.246858 0.308642 0.402169 0.458546 0.722542 0.775617 0.932756 1.0032 1.04149 1.04207 1.08738 1.09633 1.1534 1.17156 1.29413 1.31612 1.3316 1.37769 1.45076 1.45603 1.4714 1.47776 1.48222 1.49809 1.49959 1.56939 1.62599 1.68767 1.70782 1.73944 1.76742 1.81081 1.82151 1.83061 1.98949 1.98965 2.02154 2.0596 2.21529 2.23208 2.23266 2.65633 2.70244 2.75307 2.78579 3.00732 3.03901 3.11872 3.1724 3.29299 3.41635 3.47514 3.50152 3.76208 3.81411 3.83517 3.897 3.8983 3.95395 3.96421 3.99064 4.02425 4.09968 4.15444 4.21613 4.25334 4.26451 4.28157 4.34203 4.40934 4.41126 4.42885 4.4839 4.48457 4.5178 4.53085 4.58379 4.60291 4.69652 4.71416 4.72563 4.83655 4.85722 4.8664 4.94509 5.02954 5.07811 5.09388 5.09634 5.22181 5.29344 5.55319 5.56168 5.67579 5.7044 5.76476 5.79332 5.79747 5.89031 5.90035 5.99883 6.0758 6.17772 6.37053 6.55043 6.64607 6.6678 6.93747 6.94558 7.65313 7.87632 8.51447 0 0 0 0 0 0 0 0 0 0 0 0 0 0 0 0 0 0 0 0 0 0 0 0 0 0 0 0 0 0 0 0 0 0 0 0 0 0 0 0 0 0 0 0 0 0 0 0 0 0 0 0 0 0 0 0 0 0 0 0 0 0 0 0 0 0 0 0 0 0 0 0 0 0 0 0 0 0 0 0 0 0 0 0 0 0 0 0 0 0 0 0 0 0 0 0 0 0 0 0 0 0 0 0 0 0 0 0 0 0 0 0 0 0 0 0 0 0 0 0 0 0 0 0 0 0 0 0 0 0 0 0 0 0 0 0 0 0 0 0 0 0 0 0 0 0 0 0 0 0 0 0 0 0 0 0 0 0 0 0 0 0 0 0 0 0 0 0 0 0 0 0 0 0 0 0 0 0 0 0 0 0 0 0 0 0 0 0 0 0 0 0 0 0 0 0 0 0 0 0 0 0 0 0 0 0 0 0 0 0 0 0 0 0 0 0 0 0 0 0 0 0 0 0 0 0 0 0 0 0 0 0 0 0 0 0 0 0 0 0 0 0 0 0 0 0 0 0 0 0 0 0 0 0 0 0 0 0 0 0 0 0 0 0 0 0 0 0 0 0 0 0 0 0 0 0 0 0 0 0 0 0 0 0 0 0 0 0 0 0 0 0 0 0 0 0 0 0 0 0 0 0 0 0 0 0 0 0 0 0 0 0 0 0 0 0 0 0 0 0 0 0 0 0 0 0 0 0 0 0 0 0 0 0 0 0 0 0 0 0 0 0 0 0 0 0 0 0 0 0 0 0 0 0 0 0 0 0 0 0 0 0 0 0 0 0 0 0 0 0 0 0 0 0 0
 -1.21889 -0.995721 -0.965688 -0.923443 -0.852054 -0.64748 -0.518506 -0.459507 -0.444085 -0.387183 -0.0341985 0.0376745 0.105292 0.193139 0.200602 0.268334 0.268889 0.455902 0.576533 0.646869 0.651416 0.662401 0.724972 0.783218 0.856343 0.936267 1.12215 1.13425 1.13665 1.19718 1.29553 1.50442 1.54747 1.57744 1.58279 1.62156 1.64421 1.76919 1.84618 1.86764 1.91354 1.98259 2.02371 2.02992 2.14039 2.19314 2.22008 2.2713 2.30463 2.36831 2.37869 2.43307 2.48109 2.55073 2.55671 2.59748 2.59979 2.65315 2.70464 2.81747 2.85563 2.917 2.9425 2.98325 3.14729 3.20401 3.23455 3.24391 3.25333 3.2905 3.39511 3.40274 3.43953 3.51172 3.55895 3.57451 3.57642 3.6957 3.71898 3.77671 3.84243 3.85375 4.03036 4.04846 4.1783 4.22875 4.24509 4.36984 4.37747 4.42723 4.45602 4.49999 4.59716 4.73459 4.74012 4.78386 4.82281 4.98956 5.01085 5.11975 5.26285 5.29608 5.31449 5.35665 5.43127 5.45532 5.49867 5.53221 5.56681 5.57218 5.61522 5.92367 6.00506 6.2592 6.59802 6.70825 6.74069 6.77409 6.83095 6.8656 6.87859 6.97328 7.74751 7.92092 8.61703 0 0 0 0 0 0 0 0 0 0 0 0 0 0 0 0 0 0 0 0 0 0 0 0 0 0 0 0 0 0 0 0 0 0 0 0 0 0 0 0 0 0 0 0 0 0 0 0 0 0 0 0 0 0 0 0 0 0 0 0 0 0 0 0 0 0 0 0 0 0 0 0 0 0 0 0 0 0 0 0 0 0 0 0 0 0 0 0 0 0 0 0 0 0 0 0 0 0 0 0 0 0 0 0 0 0 0 0 0 0 0 0 0 0 0 0 0 0 0 0 0 0 0 0 0 0 0 0 0 0 0 0 0 0 0 0 0 0 0 0 0 0 0 0 0 0 0 0 0 0 0 0 0 0 0 0 0 0 0 0 0 0 0 0 0 0 0 0 0 0 0 0 0 0 0 0 0 0 0 0 0 0 0 0 0 0 0 0 0 0 0 0 0 0 0 0 0 0 0 0 0 0 0 0 0 0 0 0 0 0 0 0 0 0 0 0 0 0 0 0 0 0 0 0 0 0 0 0 0 0 0 0 0 0 0 0 0 0 0 0 0 0 0 0 0 0 0 0 0 0 0 0 0 0 0 0 0 0 0 0 0 0 0 0 0 0 0 0 0 0 0 0 0 0 0 0 0 0 0 0 0 0 0 0 0 0 0 0 0 0 0 0 0 0 0 0 0 0 0 0 0 0 0 0 0 0 0 0 0 0 0 0 0 0 0 0 0 0 0 0 0 0 0 0 0 0 0 0 0 0 0 0 0 0 0 0 0 0 0 0 0 0 0 0 0 0 0 0 0 0 0 0 0 0 0 0 0 0 0 0 0 0 0 0 0 0 0 0 0 0 0 0 0 0 0
 -2.68529 -2.57855 -1.37806 -1.36305 -1.13199 -0.939505 -0.228782 -0.17974 -0.107156 0.176752 0.197248 0.466528 0.512984 0.559621 0.597984 0.603272 0.610072 0.680523 0.733001 0.79525 0.833918 0.848051 1.00081 1.07608 1.07994 1.16623 1.21936 1.21955 1.24089 1.30511 1.42226 1.49983 1.5668 1.58298 1.65076 1.70273 1.73332 1.78459 1.78831 1.91034 1.98662 1.9946 2.00067 2.02437 2.05922 2.11652 2.14487 2.18129 2.29494 2.44334 2.57005 2.6018 2.61436 2.74051 2.74804 2.80271 2.87341 2.89215 2.89489 2.96865 3.04295 3.11145 3.17034 3.17867 3.27108 3.28021 3.42195 3.42956 3.44001 3.45253 3.63325 3.63886 3.63964 3.7431 3.80526 3.82365 3.82451 3.86472 3.93179 4.07583 4.12423 4.19574 4.2328 4.25419 4.28364 4.35594 4.38304 4.49299 4.52428 4.53831 4.59198 4.67292 4.67573 4.6885 4.71154 4.75946 4.75951 4.77124 4.77765 4.78425 4.8201 4.84315 4.87924 4.9329 4.95097 4.95877 4.96376 4.98024 5.17077 5.19381 5.19616 5.21489 5.68916 5.72068 5.79173 5.79584 5.87552 6.08007 6.29729 6.44665 6.84308 6.95694 6.97111 7.19901 7.53536 0 0 0 0 0 0 0 0 0 0 0 0 0 0 0 0 0 0 0 0 0 0 0 0 0 0 0 0 0 0 0 0 0 0 0 0 0 0 0 0 0 0 0 0 0 0 0 0 0 0 0 0 0 0 0 0 0 0 0 0 0 0 0 0 0 0 0 0 0 0 0 0 0 0 0 0 0 0 0 0 0 0 0 0 0 0 0 0 0 0 0 0 0 0 0 0 0 0 0 0 0 0 0 0 0 0 0 0 0 0 0 0 0 0 0 0 0 0 0 0 0 0 0 0 0 0 0 0 0 0 0 0 0 0 0 0 0 0 0 0 0 0 0 0 0 0 0 0 0 0 0 0 0 0 0 0 0 0 0 0 0 0 0 0 0 0 0 0 0 0 0 0 0 0 0 0 0 0 0 0 0 0 0 0 0 0 0 0 0 0 0 0 0 0 0 0 0 0 0 0 0 0 0 0 0 0 0 0 0 0 0 0 0 0 0 0 0 0 0 0 0 0 0 0 0 0 0 0 0 0 0 0 0 0 0 0 0 0 0 0 0 0 0 0 0 0 0 0 0 0 0 0 0 0 0 0 0 0 0 0 0 0 0 0 0 0 0 0 0 0 0 0 0 0 0 0 0 0 0 0 0 0 0 0 0 0 0 0 0 0 0 0 0 0 0 0 0 0 0 0 0 0 0 0 0 0 0 0 0 0 0 0 0 0 0 0 0 0 0 0 0 0 0 0 0 0 0 0 0 0 0 0 0 0 0 0 0 0 0 0 0 0 0 0 0 0 0 0 0 0 0 0 0 0 0 0 0 0 0 0 0 0 0 0 0 0 0 0 0 0 0 0 0 0 0
 -1.48825 -0.935519 -0.919525 -0.683519 -0.666382 -0.628263 -0.613036 -0.535537 -0.471232 -0.372518 -0.174356 -0.165444 -0.0996886 -0.0993791 0.0742941 0.240692 0.313446 0.339252 0.381218 0.397315 0.449076 0.497498 0.546248 0.628373 0.685259 0.863514 0.906859 0.925989 1.03363 1.15666 1.19075 1.26162 1.28868 1.29443 1.41248 1.58097 1.60148 1.65975 1.7149 1.80722 1.81077 1.88373 1.88606 2.07472 2.20501 2.28509 2.32867 2.36687 2.38865 2.41907 2.4246 2.4457 2.45176 2.46283 2.47345 2.63731 2.68045 2.68087 2.70359 2.81499 2.83238 2.87922 2.91201 2.96444 3.03263 3.12446 3.30612 3.40629 3.41235 3.4164 3.45887 3.55402 3.80771 3.81606 3.8349 4.01687 4.05766 4.07655 4.10219 4.18555 4.25413 4.25419 4.26825 4.32224 4.36399 4.40106 4.43102 4.46233 4.46378 4.48399 4.54417 4.59869 4.76513 4.92394 4.98101 5.06345 5.07033 5.09886 5.18576 5.22914 5.28092 5.29584 5.4039 5.43716 5.45908 5.51943 5.62821 5.63684 5.71738 5.71924 5.91498 5.95333 6.22249 6.34601 6.36687 6.42617 6.49498 6.53204 6.85813 6.85956 7.45144 7.64389 8.06434 8.51074 8.65395 0 0 0 0 0 0 0 0 0 0 0 0 0 0 0 0 0 0 0 0 0 0 0 0 0 0 0 0 0 0 0 0 0 0 0 0 0 0 0 0 0 0 0 0 0 0 0 0 0 0 0 0 0 0 0 0 0 0 0 0 0 0 0 0 0 0 0 0 0 0 0 0 0 0 0 0 0 0 0 0 0 0 0 0 0 0 0 0 0 0 0 0 0 0 0 0 0 0 0 0 0 0 0 0 0 0 0 0 0 0 0 0 0 0 0 0 0 0 0 0 0 0 0 0 0 0 0 0 0 0 0 0 0 0 0 0 0 0 0 0 0 0 0 0 0 0 0 0 0 0 0 0 0 0 0 0 0 0 0 0 0 0 0 0 0 0 0 0 0 0 0 0 0 0 0 0 0 0 0 0 0 0 0 0 0 0 0 0 0 0 0 0 0 0 0 0 0 0 0 0 0 0 0 0 0 0 0 0 0 0 0 0 0 0 0 0 0 0 0 0 0 0 0 0 0 0 0 0 0 0 0 0 0 0 0 0 0 0 0 0 0 0 0 0 0 0 0 0 0 0 0 0 0 0 0 0 0 0 0 0 0 0 0 0 0 0 0 0 0 0 0 0 0 0 0 0 0 0 0 0 0 0 0 0 0 0 0 0 0 0 0 0 0 0 0 0 0 0 0 0 0 0 0 0 0 0 0 0 0 0 0 0 0 0 0 0 0 0 0 0 0 0 0 0 0 0 0 0 0 0 0 0 0 0 0 0 0 0 0 0 0 0 0 0 0 0 0 0 0 0 0 0 0 0 0 0 0 0 0 0 0 0 0 0 0 0 0 0 0 0 0 0 0 0 0
 -1.55689 -1.05263 -1.02075 -0.455571 -0.239977 -0.0594396 0.229989 0.30676 0.40764 0.570601 0.688523 0.718077 0.803774 0.899508 0.960167 0.961936 0.97393 0.987426 1.00427 1.03227 1.07948 1.14398 1.15302 1.20791 1.31461 1.37953 1.53148 1.67754 1.69572 1.74903 1.76247 1.83822 1.86419 1.9122 1.91371 1.93801 1.98337 2.02053 2.09497 2.09571 2.15455 2.20863 2.24015 2.26173 2.36259 2.39356 2.44495 2.4533 2.48477 2.49345 2.55981 2.59764 2.61748 2.6612 2.6629 2.89566 2.90485 2.97063 3.04373 3.07148 3.08858 3.1036 3.11653 3.2467 3.25927 3.28472 3.28838 3.32825 3.33523 3.40685 3.42366 3.54915 3.57836 3.60979 3.62164 3.62383 3.68619 3.70604 3.71408 3.71432 3.73281 3.78839 3.81604 3.95178 4.01462 4.07285 4.13834 4.17328 4.28611 4.33171 4.42425 4.48131 4.63081 4.72184 4.77091 4.96693 5.00074 5.00746 5.1399 5.14183 5.14641 5.15264 5.20727 5.31715 5.31733 5.33793 5.34689 5.47944 5.53642 5.58041 5.6247 5.64663 5.89945 5.96044 5.9875 6.05549 6.42981 6.51921 6.82013 6.91624 7.06005 7.07997 7.26013 7.34682 7.93835 0 0 0 0 0 0 0 0 0 0 0 0 0 0 0 0 0 0 0 0 0 0 0 0 0 0 0 0 0 0 0 0 0 0 0 0 0 0 0 0 0 0 0 0 0 0 0 0 0 0 0 0 0 0 0 0 0 0 0 0 0 0 0 0 0 0 0 0 0 0 0 0 0 0 0 0 0 0 0 0 0 0 0 0 0 0 0 0 0 0 0 0 0 0 0 0 0 0 0 0 0 0 0 0 0 0 0 0 0 0 0 0 0 0 0 0 0 0 0 0 0 0 0 0 0 0 0 0 0 0 0 0 0 0 0 0 0 0 0 0 0 0 0 0 0 0 0 0 0 0 0 0 0 0 0 0 0 0 0 0 0 0 0 0 0 0 0 0 0 0 0 0 0 0 0 0 0 0 0 0 0 0 0 0 0 0 0 0 0 0 0 0 0 0 0 0 0 0 0 0 0 0 0 0 0 0 0 0 0 0 0 0 0 0 0 0 0 0 0 0 0 0 0 0 0 0 0 0 0 0 0 0 0 0 0 0 0 0 0 0 0 0 0 0 0 0 0 0 0 0 0 0 0 0 0 0 0 0 0 0 0 0 0 0 0 0 0 0 0 0 0 0 0 0 0 0 0 0 0 0 0 0 0 0 0 0 0 0 0 0 0 0 0 0 0 0 0 0 0 0 0 0 0 0 0 0 0 0 0 0 0 0 0 0 0 0 0 0 0 0 0 0 0 0 0 0 0 0 0 0 0 0 0 0 0 0 0 0 0 0 0 0 0 0 0 0 0 0 0 0 0 0 0 0 0 0 0 0 0 0 0 0 0 0 0 0 0 0 0 0 0 0 0 0 0
 -0.782016 -0.74585 -0.685211 -0.558833 -0.495115 -0.33136 -0.295706 -0.212649 -0.164586 -0.157856 0.155361 0.155982 0.260341 0.332709 0.333022 0.650694 0.719432 0.771308 0.797755 0.904242 0.920437 0.948272 1.00157 1.18115 1.24161 1.28217 1.39268 1.45326 1.48488 1.51985 1.59525 1.78692 1.79652 1.81075 1.85478 1.9112 1.92158 1.93686 1.96803 1.97154 2.0292 2.1478 2.26746 2.40116 2.40398 2.42823 2.50675 2.60842 2.67691 2.70127 2.79123 2.85258 2.92722 2.98148 3.04924 3.09978 3.13455 3.17956 3.31208 3.37463 3.39747 3.50386 3.5677 3.57352 3.66774 3.71914 3.73945 3.75621 3.83387 3.87403 3.91226 3.93467 3.96179 3.97045 3.97625 3.97639 4.09652 4.10128 4.10687 4.19097 4.24293 4.39073 4.41992 4.48812 4.489 4.50596 4.51492 4.6353 4.63956 4.72646 4.72672 4.77113 4.78391 4.80701 4.94123 4.94684 4.99431 5.00772 5.06747 5.1892 5.19216 5.24272 5.31724 5.32659 5.38716 5.38904 5.47459 5.60643 5.72993 5.73311 5.776 5.93033 6.00556 6.01749 6.0356 6.1049 6.10884 6.22531 6.28408 6.50625 6.52348 6.74363 6.98376 7.38077 7.95742 0 0 0 0 0 0 0 0 0 0 0 0 0 0 0 0 0 0 0 0 0 0 0 0 0 0 0 0 0 0 0 0 0 0 0 0 0 0 0 0 0 0 0 0 0 0 0 0 0 0 0 0 0 0 0 0 0 0 0 0 0 0 0 0 0 0 0 0 0 0 0 0 0 0 0 0 0 0 0 0 0 0 0 0 0 0 0 0 0 0 0 0 0 0 0 0 0 0 0 0 0 0 0 0 0 0 0 0 0 0 0 0 0 0 0 0 0 0 0 0 0 0 0 0 0 0 0 0 0 0 0 0 0 0 0 0 0 0 0 0 0 0 0 0 0 0 0 0 0 0 0 0 0 0 0 0 0 0 0 0 0 0 0 0 0 0 0 0 0 0 0 0 0 0 0 0 0 0 0 0 0 0 0 0 0 0 0 0 0 0 0 0 0 0 0 0 0 0 0 0 0 0 0 0 0 0 0 0 0 0 0 0 0 0 0 0 0 0 0 0 0 0 0 0 0 0 0 0 0 0 0 0 0 0 0 0 0 0 0 0 0 0 0 0 0 0 0 0 0 0 0 0 0 0 0 0 0 0 0 0 0 0 0 0 0 0 0 0 0 0 0 0 0 0 0 0 0 0 0 0 0 0 0 0 0 0 0 0 0 0 0 0 0 0 0 0 0 0 0 0 0 0 0 0 0 0 0 0 0 0 0 0 0 0 0 0 0 0 0 0 0 0 0 0 0 0 0 0 0 0 0 0 0 0 0 0 0 0 0 0 0 0 0 0 0 0 0 0 0 0 0 0 0 0 0 0 0 0 0 0 0 0 0 0 0 0 0 0 0 0 0 0 0 0 0
