           1            1          0.5          100            0            0            0            0            0      0            0      0            0      0            0      0            0      0            0      0            0      0            0      0            0      0            0      0            0      0            0      0            0      0            0      0            0      0            0      0            0      0            0      0            0      0            0      0            0
           1            1          0.5          100      16.5207            0            0            0            0      0            0      0            0      0            0      0            0      0            0      0            0      0            0      0            0      0            0      0            0      0            0      0            0      0            0      0            0      0            0      0            0      0            0      0            0      0            0      0            0
           1            1          0.5          100            0            0            0            0            0      0            0      0            0      0            0      0            0      0            0      0            0      0            0      0            0      0            0      0            0      0            0      0            0      0            0      0            0      0            0      0            0      0            0      0            0      0            0      0            0
           1            1          0.5          100      39.7354            0            0            0            0      0            0      0            0      0            0      0            0      0            0      0            0      0            0      0            0      0            0      0            0      0            0      0            0      0            0      0            0      0            0      0            0      0            0      0            0      0            0      0            0
           1            1          0.5          100            0            0            0            0            0      0            0      0            0      0            0      0            0      0            0      0            0      0            0      0            0      0            0      0            0      0            0      0            0      0            0      0            0      0            0      0            0      0            0      0            0      0            0      0            0
           1            1          0.5          100       55.051            0            0            0            0      0            0      0            0      0            0      0            0      0            0      0            0      0            0      0            0      0            0      0            0      0            0      0            0      0            0      0            0      0            0      0            0      0            0      0            0      0            0      0            0
           1            1          0.5          100            0            0            0            0            0      0            0      0            0      0            0      0            0      0            0      0            0      0            0      0            0      0            0      0            0      0            0      0            0      0            0      0            0      0            0      0            0      0            0      0            0      0            0      0            0
           1            1          0.5          100      70.6301            0            0            0            0      0            0      0            0      0            0      0            0      0            0      0            0      0            0      0            0      0            0      0            0      0            0      0            0      0            0      0            0      0            0      0            0      0            0      0            0      0            0      0            0
           1            1          0.5          100      83.9245            0            0            0            0      0            0      0            0      0            0      0            0      0            0      0            0      0            0      0            0      0            0      0            0      0            0      0            0      0            0      0            0      0            0      0            0      0            0      0            0      0            0      0            0
           1            1          0.5          100      90.0286            0            0            0            0      0            0      0            0      0            0      0            0      0            0      0            0      0            0      0            0      0            0      0            0      0            0      0            0      0            0      0            0      0            0      0            0      0            0      0            0      0            0      0            0
           1            1          0.5          100      102.371            1            0            0            0      0            0      0            0      0            0      0            0      0            0      0            0      0            0      0            0      0            0      0            0      0            0      0            0      0            0      0            0      0            0      0            0      0            0      0            0      0            0      0            0
           1            1          0.5          100      110.872            2            0            0            0      0            0      0            0      0            0      0            0      0            0      0            0      0            0      0            0      0            0      0            0      0            0      0            0      0            0      0            0      0            0      0            0      0            0      0            0      0            0      0            0
           1            1          0.5          100      124.882            3            0            0            0      0            0      0            0      0            0      0            0      0            0      0            0      0            0      0            0      0            0      0            0      0            0      0            0      0            0      0            0      0            0      0            0      0            0      0            0      0            0      0            0
           1            1          0.5          100      132.907            4            0            0            0      0            0      0            0      0            0      0            0      0            0      0            0      0            0      0            0      0            0      0            0      0            0      0            0      0            0      0            0      0            0      0            0      0            0      0            0      0            0      0            0
           1            1          0.5          100      132.907            4            0            0            0      0            0      0            0      0            0      0            0      0            0      0            0      0            0      0            0      0            0      0            0      0            0      0            0      0            0      0            0      0            0      0            0      0            0      0            0      0            0      0            0
           1            1          0.5          100      152.056            6            0            0            0      0            0      0            0      0            0      0            0      0            0      0            0      0            0      0            0      0            0      0            0      0            0      0            0      0            0      0            0      0            0      0            0      0            0      0            0      0            0      0            0
           1            1          0.5          100      161.445            7            0            0            0      0            0      0            0      0            0      0            0      0            0      0            0      0            0      0            0      0            0      0            0      0            0      0            0      0            0      0            0      0            0      0            0      0            0      0            0      0            0      0            0
           1            1          0.5          100      171.564            8            0            0            0      0            0      0            0      0            0      0            0      0            0      0            0      0            0      0            0      0            0      0            0      0            0      0            0      0            0      0            0      0            0      0            0      0            0      0            0      0            0      0            0
           1            1          0.5          100      180.632            9            0            0            0      0            0      0            0      0            0      0            0      0            0      0            0      0            0      0            0      0            0      0            0      0            0      0            0      0            0      0            0      0            0      0            0      0            0      0            0      0            0      0            0
           1            1          0.5          100      198.186           10            0            0            0      0            0      0            0      0            0      0            0      0            0      0            0      0            0      0            0      0            0      0            0      0            0      0            0      0            0      0            0      0            0      0            0      0            0      0            0      0            0      0            0
           1            1          0.5          100      204.401           11            0     0.371512     0.006556    200     0.371512    100     0.181739     55     0.272172     20     0.181755      0            0     15     0.270824      0            0     45     0.269338     10    0.0909091    200      0.25683     40     0.178871    155     0.263873     30     0.181483     80     0.181334     15     0.353126      0            0     35     0.354718     10    0.0909091     60     0.238941     10    0.0909091
           1            1          0.5          100      215.307           12            0     0.387148    0.0129563    200     0.387148     85     0.246483     55     0.249491     20     0.166609      0            0     15     0.248256      0            0     45     0.246893     10    0.0833333    200     0.235428     40     0.163965    155     0.241883     30      0.16636     80     0.249544     15     0.323699      0            0     35     0.325158     10    0.0833333     55     0.256135     10    0.0833333
           1            1          0.5          100      223.759           13            0     0.368089    0.0179958    165     0.368089     85     0.227523     55       0.2303     20     0.153793      0            0     15     0.229159      0            0     45     0.227901     10    0.0769231     30     0.238353     40     0.151352    155     0.223277     30     0.153563     80     0.230348     55     0.296175      0            0     35     0.300146     10    0.0769231     25     0.248732     10    0.0769231
           1            1          0.5          100      223.759           13            0     0.368089    0.0223579    165     0.368089     85     0.227523     55       0.2303     20     0.153793      0            0     15     0.229159      0            0     45     0.227901     10    0.0769231     30     0.238353     40     0.151352    155     0.223277     30     0.153563     80     0.230348     55     0.296175      0            0     35     0.300146     10    0.0769231     25     0.248732     10    0.0769231
           1            1          0.5          100      247.034           15            0      0.33951    0.0252955     45      0.33951     90     0.256776     70     0.244459     20     0.133287      0            0     15     0.198605      0            0     50     0.251222     10    0.0666667     30     0.335912     40     0.131172    155     0.193507     40      0.17009     10     0.244204     55     0.273549      0            0     35     0.260126     30      0.13333     35     0.229353     10    0.0666667
           1            1          0.5          100      247.034           15            0      0.33951    0.0276568     45      0.33951     90     0.256776     70     0.244459     20     0.133287      0            0     15     0.198605      0            0     50     0.251222     10    0.0666667     30     0.335912     40     0.131172    155     0.193507     40      0.17009     10     0.244204     55     0.273549      0            0     35     0.260126     30      0.13333     35     0.229353     10    0.0666667
           1            1          0.5          100      263.068           16            0     0.318291    0.0290093     45     0.318291     90     0.240727     70      0.22918     25     0.158352      0            0     15     0.186192      0            0     50     0.235521     10       0.0625     15     0.284247     40     0.122974     20     0.228417     40      0.15946     30     0.273106     55     0.256452      0            0     35     0.243868     30     0.124997     35     0.215018     10       0.0625
           1            1          0.5          100      277.872           17            0     0.299568    0.0295392     45     0.299568     90     0.226567     70     0.215699     25     0.149037      0            0    165     0.214636      0            0     25     0.271667     10    0.0588235     15     0.271257     40      0.11574     20     0.214981     40      0.15008     30     0.257041     55     0.286763      0            0     35     0.229523     80     0.173551     35     0.253412     10    0.0588235
           1            1          0.5          100      285.601           18            0     0.282925    0.0293922     45     0.282925     90      0.21398     75     0.199255     25     0.140757     10    0.0555556    200     0.192655      0            0     25     0.281792     10    0.0555556     15     0.256187     40      0.10931     20     0.203037     40     0.141742     30     0.242761     55     0.270832      0            0     35     0.216772     85     0.182548     35     0.239333     10    0.0555556
           1            1          0.5          100      285.601           18            0     0.282925    0.0288449     45     0.282925     90      0.21398     75     0.199255     25     0.140757     10    0.0555556    200     0.192655      0            0     25     0.281792     10    0.0555556     15     0.256187     40      0.10931     20     0.203037     40     0.141742     30     0.242761     55     0.270832      0            0     35     0.216772     85     0.182548     35     0.239333     10    0.0555556
