         5.5            2          0.5          100            0            0            0            0            0      0            0      0            0      0            0      0            0      0            0      0            0      0            0      0            0      0            0      0            0      0            0      0            0      0            0      0            0      0            0      0            0      0            0      0            0      0            0      0            0
         5.5            2          0.5          100      13.2189            0            0            0            0      0            0      0            0      0            0      0            0      0            0      0            0      0            0      0            0      0            0      0            0      0            0      0            0      0            0      0            0      0            0      0            0      0            0      0            0      0            0      0            0
         5.5            2          0.5          100      24.7023            0            0            0            0      0            0      0            0      0            0      0            0      0            0      0            0      0            0      0            0      0            0      0            0      0            0      0            0      0            0      0            0      0            0      0            0      0            0      0            0      0            0      0            0
         5.5            2          0.5          100      35.8533            0            0            0            0      0            0      0            0      0            0      0            0      0            0      0            0      0            0      0            0      0            0      0            0      0            0      0            0      0            0      0            0      0            0      0            0      0            0      0            0      0            0      0            0
         5.5            2          0.5          100            0            0            0            0            0      0            0      0            0      0            0      0            0      0            0      0            0      0            0      0            0      0            0      0            0      0            0      0            0      0            0      0            0      0            0      0            0      0            0      0            0      0            0      0            0
         5.5            2          0.5          100      54.5678            0            0            0            0      0            0      0            0      0            0      0            0      0            0      0            0      0            0      0            0      0            0      0            0      0            0      0            0      0            0      0            0      0            0      0            0      0            0      0            0      0            0      0            0
         5.5            2          0.5          100            0            0            0            0            0      0            0      0            0      0            0      0            0      0            0      0            0      0            0      0            0      0            0      0            0      0            0      0            0      0            0      0            0      0            0      0            0      0            0      0            0      0            0      0            0
         5.5            2          0.5          100       79.499            0            0            0            0      0            0      0            0      0            0      0            0      0            0      0            0      0            0      0            0      0            0      0            0      0            0      0            0      0            0      0            0      0            0      0            0      0            0      0            0      0            0      0            0
         5.5            2          0.5          100      87.9308            0            0            0            0      0            0      0            0      0            0      0            0      0            0      0            0      0            0      0            0      0            0      0            0      0            0      0            0      0            0      0            0      0            0      0            0      0            0      0            0      0            0      0            0
         5.5            2          0.5          100            0            0            0            0            0      0            0      0            0      0            0      0            0      0            0      0            0      0            0      0            0      0            0      0            0      0            0      0            0      0            0      0            0      0            0      0            0      0            0      0            0      0            0      0            0
         5.5            2          0.5          100       103.15            1            0            0            0      0            0      0            0      0            0      0            0      0            0      0            0      0            0      0            0      0            0      0            0      0            0      0            0      0            0      0            0      0            0      0            0      0            0      0            0      0            0      0            0
         5.5            2          0.5          100       103.15            1            0            0            0      0            0      0            0      0            0      0            0      0            0      0            0      0            0      0            0      0            0      0            0      0            0      0            0      0            0      0            0      0            0      0            0      0            0      0            0      0            0      0            0
         5.5            2          0.5          100      123.248            2            0            0            0      0            0      0            0      0            0      0            0      0            0      0            0      0            0      0            0      0            0      0            0      0            0      0            0      0            0      0            0      0            0      0            0      0            0      0            0      0            0      0            0
         5.5            2          0.5          100      132.434            3            0            0            0      0            0      0            0      0            0      0            0      0            0      0            0      0            0      0            0      0            0      0            0      0            0      0            0      0            0      0            0      0            0      0            0      0            0      0            0      0            0      0            0
         5.5            2          0.5          100      132.434            3            0            0            0      0            0      0            0      0            0      0            0      0            0      0            0      0            0      0            0      0            0      0            0      0            0      0            0      0            0      0            0      0            0      0            0      0            0      0            0      0            0      0            0
         5.5            2          0.5          100      152.349            4            0            0            0      0            0      0            0      0            0      0            0      0            0      0            0      0            0      0            0      0            0      0            0      0            0      0            0      0            0      0            0      0            0      0            0      0            0      0            0      0            0      0            0
         5.5            2          0.5          100      164.983            5            0            0            0      0            0      0            0      0            0      0            0      0            0      0            0      0            0      0            0      0            0      0            0      0            0      0            0      0            0      0            0      0            0      0            0      0            0      0            0      0            0      0            0
         5.5            2          0.5          100      179.969            6            0            0            0      0            0      0            0      0            0      0            0      0            0      0            0      0            0      0            0      0            0      0            0      0            0      0            0      0            0      0            0      0            0      0            0      0            0      0            0      0            0      0            0
         5.5            2          0.5          100      179.969            6            0            0            0      0            0      0            0      0            0      0            0      0            0      0            0      0            0      0            0      0            0      0            0      0            0      0            0      0            0      0            0      0            0      0            0      0            0      0            0      0            0      0            0
         5.5            2          0.5          100      179.969            6            0            0            0      0            0      0            0      0            0      0            0      0            0      0            0      0            0      0            0      0            0      0            0      0            0      0            0      0            0      0            0      0            0      0            0      0            0      0            0      0            0      0            0
         5.5            2          0.5          100       202.54            7           18     0.423078   0.00850225     50     0.393189    200     0.285546     25     0.402093     10     0.142857      0            0     30     0.285586     10     0.142857     45     0.285535      0            0     25     0.405603     10     0.142857     10     0.142857     20     0.288741     90     0.285706     45     0.285408     10     0.142857      0            0     10     0.142857    135     0.423078      0            0
         5.5            2          0.5          100      215.147            8            0     0.449462    0.0171472     15     0.449462     90      0.36922     25     0.351832     10        0.125      0            0     30     0.249887     10        0.125     45     0.249843      0            0     25     0.354903     10        0.125     10        0.125     20     0.252649     90     0.374341     45     0.249732     20        0.125      0            0     10        0.125    110     0.405348      0            0
         5.5            2          0.5          100      229.566            9           13     0.412554    0.0234319     15     0.399522     90     0.328196     25     0.312739    185     0.222209      0            0     30     0.222122     65     0.222006     45     0.222083      0            0     25     0.315469     10     0.111111     10     0.111111     20     0.224577     45     0.412554     50     0.329422     10     0.111111      0            0     10     0.111111    110     0.360309     10     0.111111
         5.5            2          0.5          100      229.566            9           13     0.412554    0.0288656     15     0.399522     90     0.328196     25     0.312739    185     0.222209      0            0     30     0.222122     65     0.222006     45     0.222083      0            0     25     0.315469     10     0.111111     10     0.111111     20     0.224577     45     0.412554     50     0.329422     10     0.111111      0            0     10     0.111111    110     0.360309     10     0.111111
         5.5            2          0.5          100      248.813           10            0     0.441229    0.0343678     45     0.441229     90     0.295376     25     0.281465    185     0.199988      0            0     30      0.19991     65     0.199805     50     0.289237      0            0     30     0.380675     10          0.1     10          0.1     20     0.202119     45     0.371298     50     0.380911     20          0.1      0            0     45     0.199412    135     0.351221     10          0.1
         5.5            2          0.5          100      258.789           11           14     0.410743    0.0379888     50     0.382857     90     0.268524     55     0.308956    185     0.181807      0            0     30     0.181736     65     0.181641     50     0.262943      0            0     30      0.29077     10    0.0909091     10    0.0909091     20     0.183745     45     0.337544     55     0.410743     20    0.0909091      0            0     45     0.181283    135     0.319292     35     0.181273
         5.5            2          0.5          100      258.789           11           14     0.410743    0.0407664     50     0.382857     90     0.268524     55     0.308956    185     0.181807      0            0     30     0.181736     65     0.181641     50     0.262943      0            0     30      0.29077     10    0.0909091     10    0.0909091     20     0.183745     45     0.337544     55     0.410743     20    0.0909091      0            0     45     0.181283    135     0.319292     35     0.181273
         5.5            2          0.5          100      279.465           12           14     0.458724    0.0439717     50     0.350952     90     0.246147     55     0.283209    185     0.166657      0            0     30     0.239632     65     0.166504     25     0.320014      0            0     25     0.332258     10    0.0833333     10    0.0833333     20     0.168433     45     0.309415     55     0.458724     10    0.0833333      0            0     80     0.245847    155      0.33745     35     0.166167
         5.5            2          0.5          100      288.799           14           14     0.433671    0.0454913     45     0.389987     80     0.253171     55      0.35324    185     0.142849     10    0.0714286     30     0.205399     65     0.142718     25      0.33881      0            0     25     0.355159     15     0.142535    200     0.142353     20     0.144371     45     0.265213     55     0.433671     35     0.142769      0            0     80     0.281957    170     0.414751     35     0.142429
         5.5            2          0.5          100      288.799           14           14     0.433671    0.0460705     45     0.389987     80     0.253171     55      0.35324    185     0.142849     10    0.0714286     30     0.205399     65     0.142718     25      0.33881      0            0     25     0.355159     15     0.142535    200     0.142353     20     0.144371     45     0.265213     55     0.433671     35     0.142769      0            0     80     0.281957    170     0.414751     35     0.142429
