         5.5            0          0.5          100            0            0            0            0            0      0            0      0            0      0            0      0            0      0            0      0            0      0            0      0            0      0            0      0            0      0            0      0            0      0            0      0            0      0            0      0            0      0            0      0            0      0            0      0            0
         5.5            0          0.5          100      19.9646            0            0            0            0      0            0      0            0      0            0      0            0      0            0      0            0      0            0      0            0      0            0      0            0      0            0      0            0      0            0      0            0      0            0      0            0      0            0      0            0      0            0      0            0
         5.5            0          0.5          100      29.9824            0            0            0            0      0            0      0            0      0            0      0            0      0            0      0            0      0            0      0            0      0            0      0            0      0            0      0            0      0            0      0            0      0            0      0            0      0            0      0            0      0            0      0            0
         5.5            0          0.5          100      39.9986            0            0            0            0      0            0      0            0      0            0      0            0      0            0      0            0      0            0      0            0      0            0      0            0      0            0      0            0      0            0      0            0      0            0      0            0      0            0      0            0      0            0      0            0
         5.5            0          0.5          100      49.9627            0            0            0            0      0            0      0            0      0            0      0            0      0            0      0            0      0            0      0            0      0            0      0            0      0            0      0            0      0            0      0            0      0            0      0            0      0            0      0            0      0            0      0            0
         5.5            0          0.5          100      59.9864            0            0            0            0      0            0      0            0      0            0      0            0      0            0      0            0      0            0      0            0      0            0      0            0      0            0      0            0      0            0      0            0      0            0      0            0      0            0      0            0      0            0      0            0
         5.5            0          0.5          100      69.9487            0            0            0            0      0            0      0            0      0            0      0            0      0            0      0            0      0            0      0            0      0            0      0            0      0            0      0            0      0            0      0            0      0            0      0            0      0            0      0            0      0            0      0            0
         5.5            0          0.5          100       79.957            0            0            0            0      0            0      0            0      0            0      0            0      0            0      0            0      0            0      0            0      0            0      0            0      0            0      0            0      0            0      0            0      0            0      0            0      0            0      0            0      0            0      0            0
         5.5            0          0.5          100      89.9953            0            0            0            0      0            0      0            0      0            0      0            0      0            0      0            0      0            0      0            0      0            0      0            0      0            0      0            0      0            0      0            0      0            0      0            0      0            0      0            0      0            0      0            0
         5.5            0          0.5          100      99.9301            0            0            0            0      0            0      0            0      0            0      0            0      0            0      0            0      0            0      0            0      0            0      0            0      0            0      0            0      0            0      0            0      0            0      0            0      0            0      0            0      0            0      0            0
         5.5            0          0.5          100      109.993          254            0            0            0      0            0      0            0      0            0      0            0      0            0      0            0      0            0      0            0      0            0      0            0      0            0      0            0      0            0      0            0      0            0      0            0      0            0      0            0      0            0      0            0
         5.5            0          0.5          100       119.96          512            0            0            0      0            0      0            0      0            0      0            0      0            0      0            0      0            0      0            0      0            0      0            0      0            0      0            0      0            0      0            0      0            0      0            0      0            0      0            0      0            0      0            0
         5.5            0          0.5          100      129.978          672            0            0            0      0            0      0            0      0            0      0            0      0            0      0            0      0            0      0            0      0            0      0            0      0            0      0            0      0            0      0            0      0            0      0            0      0            0      0            0      0            0      0            0
         5.5            0          0.5          100      139.957          869            0            0            0      0            0      0            0      0            0      0            0      0            0      0            0      0            0      0            0      0            0      0            0      0            0      0            0      0            0      0            0      0            0      0            0      0            0      0            0      0            0      0            0
         5.5            0          0.5          100      149.874         1147            0            0            0      0            0      0            0      0            0      0            0      0            0      0            0      0            0      0            0      0            0      0            0      0            0      0            0      0            0      0            0      0            0      0            0      0            0      0            0      0            0      0            0
         5.5            0          0.5          100      159.971         1400            0            0            0      0            0      0            0      0            0      0            0      0            0      0            0      0            0      0            0      0            0      0            0      0            0      0            0      0            0      0            0      0            0      0            0      0            0      0            0      0            0      0            0
         5.5            0          0.5          100      169.946         1631            0            0            0      0            0      0            0      0            0      0            0      0            0      0            0      0            0      0            0      0            0      0            0      0            0      0            0      0            0      0            0      0            0      0            0      0            0      0            0      0            0      0            0
         5.5            0          0.5          100       179.94         1861            0            0            0      0            0      0            0      0            0      0            0      0            0      0            0      0            0      0            0      0            0      0            0      0            0      0            0      0            0      0            0      0            0      0            0      0            0      0            0      0            0      0            0
         5.5            0          0.5          100      189.981         2082            0            0            0      0            0      0            0      0            0      0            0      0            0      0            0      0            0      0            0      0            0      0            0      0            0      0            0      0            0      0            0      0            0      0            0      0            0      0            0      0            0      0            0
         5.5            0          0.5          100      199.847         2241            0            0            0      0            0      0            0      0            0      0            0      0            0      0            0      0            0      0            0      0            0      0            0      0            0      0            0      0            0      0            0      0            0      0            0      0            0      0            0      0            0      0            0
         5.5            0          0.5          100      209.964         2478           18     0.137112  0.000892985     35     0.122866     35    0.0817788     35    0.0901737     30     0.062882     75    0.0359869     45    0.0857185     45    0.0674775     40     0.106736     40    0.0570614     35    0.0681669     40    0.0660852     35    0.0989872     50     0.072603     45    0.0995658     35    0.0599594     45    0.0862968     35     0.136147     35     0.134155     35     0.137112     45    0.0720367
         5.5            0          0.5          100      219.951         2742           16     0.141778   0.00175059     35     0.115531     35    0.0871026     35    0.0743465     30    0.0639839     70    0.0361113     45    0.0832136     45    0.0661595     40      0.10079     40    0.0550853     35    0.0689186     40    0.0731771     35    0.0971842     50    0.0696087     45    0.0927266     35    0.0651235     45     0.087767     35     0.141778     35     0.130913     35     0.138594     45    0.0660713
         5.5            0          0.5          100      229.917         2909           18     0.136846   0.00244929     35     0.110652     35    0.0921131     40    0.0682702     30    0.0619376     40    0.0375888     45    0.0814576     45    0.0677703     40    0.0986228     40    0.0546961     35    0.0682591     40    0.0721303     35    0.0938227     50    0.0645989     45    0.0822723     35    0.0648765     45    0.0933902     35     0.135106     35     0.133597     35     0.136846     45    0.0653231
         5.5            0          0.5          100      239.973         3018           18     0.136579   0.00305144     35     0.108152     35    0.0887329     45     0.063203     45    0.0639005     40    0.0386837     45    0.0820853     45    0.0665864     40    0.0995695     40    0.0543925     35    0.0682434     40    0.0725541     35    0.0932031     30    0.0609006     45    0.0792378     35    0.0642318     45    0.0917389     35     0.130828     35     0.129867     35     0.136579     50    0.0639807
         5.5            0          0.5          100      249.966         3234           18     0.134438   0.00353867     35     0.100995     35      0.08474     45    0.0636198     45    0.0636161     40    0.0473448     40    0.0794994     45     0.063372     40    0.0967002     40    0.0556894     35    0.0703882     40    0.0771621     35    0.0896235     30    0.0639571     40    0.0747726     35    0.0596956     45    0.0915112     35     0.125563     35     0.124411     35     0.134438     50     0.068086
         5.5            0          0.5          100      259.972         3510           16      0.11973   0.00380847     35    0.0909254     35     0.082126     30    0.0673822     45    0.0612615     40    0.0493303     40    0.0830543     45     0.056368     40     0.097527     40    0.0427547     35    0.0675968     40    0.0778821     35     0.080832     30    0.0658814     45    0.0662408     35    0.0519473     45    0.0882432     35      0.11973     35     0.114419     35     0.116869     45    0.0789308
         5.5            0          0.5          100      269.966         3731           16     0.109161    0.0039343     35    0.0817821     35    0.0823861     30    0.0667191     45    0.0589459     40    0.0492554     40    0.0806663     45    0.0530214     40    0.0948843     35    0.0413302     35    0.0600574     40    0.0777276     35    0.0744402     30    0.0766593     50    0.0691543     35    0.0467831     45    0.0876925     35     0.109161     35     0.102668     35     0.105965     45    0.0764238
         5.5            0          0.5          100      279.981         3936           18    0.0986419   0.00394488     35     0.071949     35    0.0786352     30    0.0698432     45    0.0643526     40    0.0495747     40    0.0752967     30    0.0551605     40    0.0885314     35    0.0400874     30    0.0621489     40    0.0758636     30    0.0703988     30    0.0767314     45    0.0713227     30    0.0481885     45    0.0845801     35    0.0915033     35    0.0918244     35    0.0986419     45    0.0740441
         5.5            0          0.5          100      289.955         4208           18    0.0832697   0.00385194     30    0.0757588     35    0.0744881     30    0.0824039     45    0.0667129     40    0.0460263     40    0.0725302     30    0.0585715     40    0.0803818     35    0.0394037     30    0.0636604     40    0.0739149     30    0.0727467     30    0.0740625     45    0.0700277     30    0.0514066     45    0.0814865     30    0.0818232     35    0.0814402     35    0.0832697     45    0.0709916
         5.5            0          0.5          100      299.979         4504            2    0.0865084   0.00373268     30    0.0808392     40    0.0779941     30    0.0865084     45    0.0685975     40    0.0422519     40    0.0665526     50    0.0594948     40    0.0707049     35     0.039032     30    0.0596674     40    0.0740648     30    0.0731025     30    0.0709118     45    0.0676265     30    0.0476777     45    0.0802815     30    0.0863439     35    0.0762901     35    0.0787437     45    0.0705016
