    13.2188579290949    0    141    141    147    146    141    141    141    147    141    141    124    110    146    116    123    113    105    109    141    112    141
    13.7846997899991    0    291    291    295    291    291    291    296    291    291    293    263    291    291    291    270    291    269    274    291    291    298
    14.9538706903994    0    405    405    405    426    405    429    405    421    405    416    405    425    405    427    405    405    423    412    428    405    429
    18.0857287583586    0    209    223    209    208    209    209    229    209    203    209    206    209    209    209    209    230    209    209    203    200    233
    19.1155133123862    0    363    363    357    363    381    363    363    363    363    363    382    363    366    364    362    363    363    363    381    357    363
    21.3109032290925    0    223    224    223    207    223    223    210    223    239    223    203    223    223    223    223    237    223    223    239    218    223
    24.9051841013498    0    226    226    226    206    226    226    203    226    241    226    205    226    226    226    226    239    226    226    241    221    202
    25.3809453778579    0    188    188    172    174    193    193    188    163    195    161    173    160    193    193    193    188    194    188    188    188    188
    25.5498530747599    0    248    248    248    249    248    248    248    248    212    248    204    248    248    248    248    213    248    248    248    249    200
    26.2246619732651    0    209    223    209    208    209    209    229    209    203    209    206    209    209    209    209    230    209    209    203    200    233
    26.7233113673826    0    381    381    392    381    374    381    381    381    381    381    352    381    358    360    389    381    381    381    389    390    381
    26.9467828639111    0    263    263    281    263    263    263    268    263    263    266    267    263    263    263    283    263    281    282    263    263    256
     27.648258807119    0    293    293    256    293    293    293    298    293    293    294    265    293    293    293    257    293    296    263    293    293    254
    27.6922240266855    0    256    256    277    256    256    256    254    256    256    278    266    256    256    256    279    256    262    278    256    256    279
    27.7159940304185    0    389    389    396    389    396    389    389    389    389    389    353    389    397    395    356    389    389    389    394    353    389
     28.049525846078    0    279    279    265    279    279    279    256    279    279    259    269    279    279    279    262    279    289    290    279    279    291
    28.8361524219821    0    246    246    246    247    246    246    201    246    213    246    210    246    246    246    246    206    246    246    215    247    209
    28.8759198391289    0    289    289    294    289    289    289    260    289    289    291    270    289    289    289    261    289    294    294    289    289    260
    56.3008866559968    0     12     18     12     30     12     21      8     12     31     31     12     12     12     12     12     12     12     12     31     32     12
    68.6939295226202    0    361    361    383    361    353    361    361    361    361    361    354    361    379    379    378    361    361    361    379    379    361
    80.7751762451569    0    367    367    386    367    383    367    367    367    367    367    357    367    383    382    352    367    367    367    384    383    367
    81.5549668621572    0    451    451    451    451    469    475    451    475    476    451    451    451    451    451    475    457    451    450    468    451    462
    83.4371357385789    0    414    414    414    431    414    422    414    420    414    410    414    429    414    410    414    414    421    411    434    414    420
    87.5252822159983    0    405    405    405    426    405    429    405    421    405    416    405    425    405    427    405    405    423    412    428    405    429
    102.884871972765    0    201    213    201    210    201    201    207    201    210    201    226    201    201    201    201    225    201    201    226    220    226
    105.333268277451    0    234    234    234    240    234    234    208    234    214    234    213    234    234    234    234    242    234    234    204    239    242
    106.846177189101    0    214    215    214    214    214    214    216    214    216    214    230    214    214    214    214    200    214    214    202    205    203
    109.878698989592    0    493    493    493    493    495    470    493    458    454    493    493    493    493    493    495    453    493    464    497    493    466
    110.407607349703    0    230    230    230    216    230    230    215    230    221    230    242    230    230    230    230    218    230    230    243    208    241
    110.421525011375    0    202    221    202    204    202    202    218    202    220    202    227    202    202    202    202    226    202    202    227    226    227
    110.965967130281    0    238    238    238    222    238    238    243    238    223    238    222    238    238    238    238    243    238    238    246    241    208
    113.298201504746    0      9     12      9      5      9     28     30      9      4     30      9      9      9      9      9      9      9      9      5     29      9
    113.823691255768    0     18     14     18      1     18     16     34     18     13     34     18     18     18     18     18     18     18     18     19      9     18
    114.467616270424    0    108    100    120    119    108    108    108    128    108    108    107    116    102    127    129    117    101    132    108    101    108
     115.91654792236    0     45     45     45      6     45     18     20     45      8     47     45     45     45     45     45     45     45     45      9     47     45
     116.22903873025    0     16     15     16      8     16     32      3     16     35     10     16     16     16     16     16     16     16     16     24     34     16
    117.546003964328    0     24     20     24      9     24     15     40     24     10     38     24     24     24     24     24     24     24     24     12      3     24
    118.850590829068    0     21     21     21     12     21     36     37     21     36     11     21     21     21     21     21     21     21     21     21     17     21
    120.648833869114    0     17     16     17     19     17     33     33     17     12     33     17     17     17     17     17     17     17     17     33     35     17
    122.630943036534    0     20     17     20     17     20     35     36     20     18     36     20     20     20     20     20     20     20     20     35     16     20
    122.659894155361    0     12     18     12     30     12     21      8     12     31     31     12     12     12     12     12     12     12     12     31     32     12
    125.305021321544    0    101    102    125    126    101    101    101    117    101    101    126    125    101    100    126    125    113    126    101    104    101
    126.385871260106    0     21     21     21     12     21     36     37     21     36     11     21     21     21     21     21     21     21     21     21     17     21
    128.270684953683    0     73     62     88     73     86     54     87     73     73     73     73     86     55     73     73     87     73     71     73     73     73
     129.04880849165    0     63     59     81     63     57     61     64     63     63     63     63     81     83     63     63     81     63     82     63     63     63
    133.824475114327    0     59     66     78     59     59     80     67     59     59     59     59     52     66     59     59     50     59     68     59     59     59
    153.760513316242    0    135    135    143    143    135    135    135    119    135    135    144    146    103    142    115    104    143    143    135    141    135
    154.429701957764    0    123    105    114    118    123    123    123    121    123    123    114    140    100    115    116    105    114    112    123    137    123
    156.393044396115    0    122    110    113    100    122    122    122    106    122    122    138    139    108    134    117    108    137    122    122    120    122
    156.415022165068    0     52     64     52     52     73     76     75     52     52     52     52     75     72     52     52     77     52     75     52     52     52
    161.707814098028    0    136    136    144    144    136    136    136    120    136    136    145    147    113    143    120    111    108    144    136    142    136
    161.822949966076    0    167    151    168    163    172    181    167    165    163    159    180    182    154    182    159    167    150    167    167    167    167
    162.607354610939    0    192    192    170    169    194    162    192    166    159    194    163    195    151    196    195    192    171    192    192    192    192
    164.871431585678    0    104    121    128    112    104    104    104    126    104    104    128    120    111    101    119    123    102    129    104    128    104
     165.08195548711    0    128    128    140    105    128    128    128    138    128    128    141    100    116    137    139    110    140    140    128    123    128
    165.935847926522    0    335    335    335    335    306    335    323    343    342    314    335    322    310    300    335    315    312    335    335    344    307
    166.665848413439    0    136    136    144    144    136    136    136    120    136    136    145    147    113    143    120    111    108    144    136    142    136
    166.932779069356    0    142    142    110    147    142    142    142    122    142    142    146    122    115    113    144    122    112    147    142    145    142
    167.141436914168    0    325    325    325    325    324    325    302    339    334    309    325    338    312    336    325    336    340    325    325    300    311
    168.108502450463    0    110    123    119    116    110    110    110    130    110    110    111    129    118    120    131    129    129    133    110    118    110
    168.679852709458    0    305    305    305    305    328    305    325    328    327    315    305    327    309    327    305    328    328    305    305    327    309
    168.713901009265    0    326    326    326    326    334    326    336    307    335    340    326    321    311    337    326    337    310    326    326    314    336
    169.181985985386    0    128    128    140    105    128    128    128    138    128    128    141    100    116    137    139    110    140    140    128    123    128
    169.202788896041    0    335    335    335    335    306    335    323    343    342    314    335    322    310    300    335    315    312    335    335    344    307
    169.498514719948    0    353    353    377    353    355    353    353    353    353    353    376    353    351    368    377    353    353    353    359    375    353
    169.892807938756    0    357    357    370    357    378    357    357    357    357    357    368    357    352    358    358    357    357    357    376    378    357
    170.035502083998    0    118    108    136    134    118    118    118    107    118    118    101    121    117    124    134    133    136    137    118    135    118
    170.827704147986    0    110    123    119    116    110    110    110    130    110    110    111    129    118    120    131    129    129    133    110    118    110
    171.144758449647    0    325    325    325    325    324    325    302    339    334    309    325    338    312    336    325    336    340    325    325    300    311
    171.167652276035    0    305    305    305    305    328    305    325    328    327    315    305    327    309    327    305    328    328    305    305    327    309
     171.18906287363    0    355    355    379    355    357    355    355    355    355    355    360    355    353    352    363    355    355    355    364    377    355
    171.266088176507    0    307    307    307    307    303    307    327    330    309    329    307    328    313    328    307    329    329    307    307    329    325
    171.443826041352    0    116    116    115    132    116    116    116    135    116    116    135    134    119    131    104    132    134    136    116    133    116
    173.535842332054    0    354    354    378    354    370    354    354    354    354    354    377    354    354    361    364    354    354    354    375    376    354
    175.873389606429    0    397    397    399    397    398    397    397    397    397    397    399    397    355    363    355    397    397    397    362    361    397
    188.920531648391    0    397    397    399    397    398    397    397    397    397    397    399    397    355    363    355    397    397    397    362    361    397
    214.132890447903    0    348    348    348    348    349    348    316    348    349    317    348    348    349    349    348    348    320    348    348    309    314
    218.561309488535    0    318    318    318    318    313    318    332    308    331    322    318    333    331    318    318    321    335    318    318    335    317
    219.766846713593    0    334    334    334    334    319    334    342    305    301    320    334    320    343    341    334    301    309    334    334    343    319
    221.247552106424    0    288    288    293    288    288    288    272    288    288    256    294    288    288    288    256    288    274    293    288    288    255
    222.172689030374    0    311    311    311    311    321    311    318    306    328    332    311    318    329    309    311    331    311    311    311    324    323
    222.478750370125    0    326    326    326    326    334    326    336    307    335    340    326    321    311    337    326    337    310    326    326    314    336
    223.239932584143    0    309    309    309    309    318    309    307    310    300    330    309    315    328    308    309    302    314    309    309    330    306
    223.275623412926    0    340    340    340    340    343    340    344    311    345    300    340    344    318    312    340    343    317    340    340    320    315
     225.35156478522    0    334    334    334    334    319    334    342    305    301    320    334    320    343    341    334    301    309    334    334    343    319
    225.441272287107    0    311    311    311    311    321    311    318    306    328    332    311    318    329    309    311    331    311    311    311    324    323
    225.670057390502    0    404    404    404    408    404    428    404    401    404    418    404    416    404    426    404    404    401    428    427    404    418
    225.674945210355    0    409    409    409    430    409    431    409    426    409    428    409    418    409    428    409    409    405    431    429    409    430
    225.772624324489    0    406    406    406    427    406    402    406    407    406    426    406    417    406    421    406    406    404    429    411    406    422
    226.269332703147    0    487    487    487    487    453    492    487    470    465    487    487    487    487    487    462    458    487    458    464    487    494
    226.472846272881    0    321    321    321    321    333    321    334    337    333    338    321    335    334    315    321    334    315    321    321    337    333
    226.855907506093    0    318    318    318    318    313    318    332    308    331    322    318    333    331    318    318    321    335    318    318    335    317
    227.004866437503    0    431    431    431    441    431    420    431    405    431    439    431    440    431    423    431    431    402    423    441    431    409
    227.497018716548    0    410    410    410    417    410    407    410    408    410    429    410    427    410    429    410    410    403    432    430    410    431
     227.81409050726    0    423    423    423    401    423    438    423    422    423    435    423    413    423    436    423    423    406    420    437    423    435
    228.518899428138    0    323    323    323    323    302    323    315    312    303    319    323    336    336    316    323    335    316    323    323    339    310
    230.455228486244    0    409    409    409    430    409    431    409    426    409    428    409    418    409    428    409    409    405    431    429    409    430
    234.086980478884    0    131    131    142    139    131    131    131    141    131    131    108    101    141    110    140    139    121    108    131    113    131
    234.213088955835    0    127    127    103    138    127    127    127    100    127    127    140    103    139    136    138    116    124    105    127    110    127
     239.74989328807    0    190    190    152    193    154    194    190    155    196    193    192    162    194    194    194    190    153    190    190    190    190
    241.987166704606    0    177    177    188    184    186    155    177    151    150    155    186    161    173    190    185    177    154    177    177    177    177
    245.420428523173    0    417    417    417    433    417    434    417    413    417    420    417    424    417    420    417    417    408    435    405    417    416
    247.541923707452    0    121    104    137    136    121    121    121    103    121    121    122    138    136    118    114    136    122    106    121    109    121
    248.870238719189    0    438    438    438    409    438    406    438    441    438    443    438    443    438    418    438    438    410    446    400    438    424
    249.534417022124    0    329    329    329    329    336    329    339    340    306    324    329    339    339    314    329    339    318    329    329    341    339
    249.856914057627    0    183    183    166    190    190    164    183    150    192    156    189    153    169    156    190    183    156    183    183    183    183
    250.902391811104    0    341    341    341    341    344    341    345    318    346    346    341    309    345    345    341    344    319    341    341    346    345
    251.841569189278    0    400    400    400    420    400    425    400    424    400    417    400    422    400    425    400    400    415    425    413    400    425
    252.582823811837    0    436    436    436    405    436    419    436    440    436    441    436    421    436    442    436    436    412    418    443    436    442
    255.847633440153    0    430    430    430    440    430    442    430    436    430    438    430    439    430    440    430    430    413    419    422    430    439
    256.257609760971    0    171    156    184    180    182    184    171    159    162    166    183    185    187    167    151    171    157    171    171    171    171
    256.839278098959    0    400    400    400    420    400    425    400    424    400    417    400    422    400    425    400    400    415    425    413    400    425
    257.925970667785    0    181    181    189    188    189    156    181    152    190    162    188    163    171    174    188    181    161    181    181    181    181
    264.008605782208    0    178    178    158    185    187    187    178    170    164    167    171    189    188    191    161    178    158    178    178    178    178
    285.401881037782    0    430    430    430    440    430    442    430    436    430    438    430    439    430    440    430    430    413    419    422    430    439
    287.489326650293    0     45     45     45      6     45     18     20     45      8     47     45     45     45     45     45     45     45     45      9     47     45
     298.42334927692    0     24     20     24      9     24     15     40     24     10     38     24     24     24     24     24     24     24     24     12      3     24
    299.450780674648    0     39     39     39     11     39     47     23     39     17     45     39     39     39     39     39     39     39     39     15     44     39
