    13.2188579290949    0    141    141    147    146    141    141    141    147    141    141    124    110    146    116    123    113    105    109    141    112    141
    13.2238363965601    0    178    178    158    185    187    187    178    170    164    167    171    189    188    191    161    178    158    178    178    178    178
    14.2456243509278    0    373    373    360    373    365    373    373    373    373    373    388    373    386    367    385    373    373    373    356    386    373
    14.5458362681299    0    249    249    249    220    249    249    249    249    205    249    249    249    249    249    249    249    249    249    249    213    215
    14.7974465143902    0    436    436    436    405    436    419    436    440    436    441    436    421    436    442    436    436    412    418    443    436    442
    15.0736008923458    0    285    285    292    285    285    285    293    285    285    289    293    285    285    285    293    285    251    259    285    285    295
    16.2510322818458    0     54     70     75     54     67     77     76     54     54     54     54     76     77     54     54     71     54     70     54     54     54
    18.0433681032119    0    487    487    487    487    453    492    487    470    465    487    487    487    487    487    462    458    487    458    464    487    494
    18.5317732660394    0    173    157    151    181    155    150    173    187    184    187    174    158    174    187    166    173    162    173    173    173    173
    19.2138653817991    0    257    257    259    257    257    257    257    257    257    265    250    257    257    257    250    257    270    257    257    257    261
    20.0571242290002    0    388    388    395    388    395    388    388    388    388    388    396    388    396    394    392    388    388    388    393    395    388
    21.7446766487644    0    479    479    479    479    465    471    479    459    489    479    479    479    479    479    490    490    479    491    472    479    489
    24.3875617558777    0    125    125    139    102    125    125    125    110    125    125    139    114    138    104    137    121    104    103    125    103    125
    25.5323458669564    0     64     56     61     64     68     82     58     64     64     64     64     72     60     64     64     82     64     83     64     64     64
    25.7348505637451    0    101    102    125    126    101    101    101    117    101    101    126    125    101    100    126    125    113    126    101    104    101
    26.6666061291621    0     66     73     83     66     82     84     82     66     66     66     66     82     71     66     66     84     66     85     66     66     66
    27.1030699806583    0    104    121    128    112    104    104    104    126    104    104    128    120    111    101    119    123    102    129    104    128    104
    28.2436241210908    0    223    224    223    207    223    223    210    223    239    223    203    223    223    223    223    237    223    223    239    218    223
    29.4384228774017    0    279    279    265    279    279    279    256    279    279    259    269    279    279    279    262    279    289    290    279    279    291
    29.9293577421928    0    300    300    300    300    325    300    321    325    304    325    300    325    307    319    300    325    325    300    300    304    301
    30.0713244090231    0     10     10     10     28     10     29     31     10     30     15     10     10     10     10     10     10     10     10      8     30     10
    30.5626703489619    0    467    467    467    467    482    480    467    456    457    467    467    467    467    467    484    486    467    484    484    467    460
    32.0455530375478    0    419    419    419    434    419    400    419    431    419    422    419    433    419    435    419    419    436    437    406    419    434
    32.0583958595578    0    349    349    349    349    309    349    349    349    323    302    349    349    306    324    349    349    349    349    349    349    349
    32.7052045685739    0    100    119    109    125    100    100    100    125    100    100    125    119    125    107    125    115    125    125    100    125    100
    33.4209305306803    0    142    142    110    147    142    142    142    122    142    142    146    122    115    113    144    122    112    147    142    145    142
    33.7409752493703    0      2      5      2     26      2      2     27      2     11     26      2      2      2      2      2      2      2      2     16      2      2
    34.1774327041658    0    205    207    205    227    205    205    217    205    227    205    215    205    205    205    205    228    205    205    230    228    230
    36.3698010309117    0      8     19      8      0      8      9     24      8     29     16      8      8      8      8      8      8      8      8     29     19      8
    36.8120436062109    0    128    128    140    105    128    128    128    138    128    128    141    100    116    137    139    110    140    140    128    123    128
    37.2161411036833    0     14     24     14     32     14     10     32     14     33     13     14     14     14     14     14     14     14     14      7     33     14
    37.8774846592794    0    297    297    273    297    297    297    265    297    297    298    298    297    297    297    272    297    263    254    297    297    265
    39.6644816550384    0    241    241    241    202    241    241    200    241    224    241    209    241    241    241    241    244    241    241    221    243    224
     40.585673967597    0    289    289    294    289    289    289    260    289    289    291    270    289    289    289    261    289    294    294    289    289    260
    41.5171646566979    0     30     30     30     37     30     43     19     30     42     41     30     30     30     30     30     30     30     30     37     40     30
    42.9310997190608    0    422    422    422    436    422    437    422    417    422    434    422    435    422    416    422    422    438    439    420    422    404
    43.7483264548215    0    329    329    329    329    336    329    339    340    306    324    329    339    339    314    329    339    318    329    329    341    339
    47.0043340036022    0    359    359    382    359    354    359    359    359    359    359    380    359    378    377    368    359    359    359    360    359    359
      47.08626424152    0    325    325    325    325    324    325    302    339    334    309    325    338    312    336    325    336    340    325    325    300    311
    48.3456701734847    0    151    161    157    175    156    159    151    175    169    176    175    168    176    175    175    151    160    151    151    151    151
    48.4082954110251    0    138    138    106    110    138    138    138    105    138    138    119    113    144    102    112    142    145    145    138    119    138
    49.8490750005016    0     56     58     50     56     78     79     77     56     56     56     56     78     63     56     56     73     56     77     56     56     56
     50.233874771652    0    212    200    212    230    212    212    232    212    231    212    202    212    212    212    212    231    212    212    217    210    235
    50.6653436456562    0     12     18     12     30     12     21      8     12     31     31     12     12     12     12     12     12     12     12     31     32     12
    53.1205148529489    0    229    229    229    213    229    229    214    229    206    229    241    229    229    229    229    221    229    229    200    214    204
    55.3239100948116    0    347    347    347    347    348    347    348    347    348    349    347    347    348    348    347    347    307    347    347    348    348
    56.9823657938447    0    209    223    209    208    209    209    229    209    203    209    206    209    209    209    209    230    209    209    203    200    233
    58.3676181031581    0    195    195    197    154    153    172    195    197    173    196    195    166    166    164    158    195    159    195    195    195    195
    58.8646706240052    0    234    234    234    240    234    234    208    234    214    234    213    234    234    234    234    242    234    234    204    239    242
    59.7488785550126    0    160    154    160    157    164    161    160    167    170    170    156    179    168    170    157    160    182    160    160    160    160
    60.0688352522294    0    279    279    265    279    279    279    256    279    279    259    269    279    279    279    262    279    289    290    279    279    291
     60.755527581822    0    302    302    302    302    323    302    313    327    321    307    302    312    326    326    302    326    308    302    302    322    312
    61.0568406740445    0    215    209    215    231    215    215    205    215    219    215    231    215    215    215    215    220    215    215    234    207    201
    62.3755224471726    0    162    165    179    158    179    178    162    181    158    158    164    180    183    162    179    162    184    162    162    162    162
    63.7259936827384    0    345    345    345    345    347    345    347    323    347    313    345    346    320    317    345    346    302    345    345    303    320
    64.0784428842662    0    492    492    492    492    494    453    492    497    455    492    492    492    492    492    471    462    492    496    496    492    472
    65.5115130625045    0    182    182    190    189    160    174    182    192    191    160    168    151    190    192    189    182    168    182    182    182    182
     66.164613490023    0    361    361    383    361    353    361    361    361    361    361    354    361    379    379    378    361    361    361    379    379    361
    67.6056157303921    0     10     10     10     28     10     29     31     10     30     15     10     10     10     10     10     10     10     10      8     30     10
    68.8979146203335    0    469    469    469    469    484    454    469    462    462    469    469    469    469    469    486    471    469    453    486    469    484
    70.3126086317435    0    449    449    449    449    449    449    449    449    449    409    449    406    449    449    449    449    400    403    449    449    449
    71.0590820659419    0     85     85     73     85     92     66     92     85     85     85     85     91     69     85     85     92     85     94     85     85     85
    72.2934988382405    0    409    409    409    430    409    431    409    426    409    428    409    418    409    428    409    409    405    431    429    409    430
    73.1997754674204    0    156    153    176    165    177    176    156    178    178    151    166    178    170    151    153    156    179    156    156    156    156
    75.0304636646017    0    334    334    334    334    319    334    342    305    301    320    334    320    343    341    334    301    309    334    334    343    319
     75.306760498882    0    395    395    371    395    352    395    395    395    395    395    398    395    399    362    396    395    395    395    368    373    395
    76.3528452109372    0    460    460    460    460    456    455    460    464    460    460    460    460    460    460    479    480    460    480    473    460    458
    76.6684980550409    0    100    119    109    125    100    100    100    125    100    100    125    119    125    107    125    115    125    125    100    125    100
    77.1254911571861    0    462    462    462    462    479    459    462    479    481    462    462    462    462    462    480    482    462    470    482    462    481
    80.7104329946355    0    365    365    384    365    366    365    365    365    365    365    373    365    382    350    380    365    365    365    382    381    365
    80.9933115048742    0    367    367    386    367    383    367    367    367    367    367    357    367    383    382    352    367    367    367    384    383    367
    81.3553854058012    0    451    451    451    451    469    475    451    475    476    451    451    451    451    451    475    457    451    450    468    451    462
    81.7164170439813    0     17     16     17     19     17     33     33     17     12     33     17     17     17     17     17     17     17     17     33     35     17
    81.8915145058982    0    414    414    414    431    414    422    414    420    414    410    414    429    414    410    414    414    421    411    434    414    420
    83.5608733326168    0    241    241    241    202    241    241    200    241    224    241    209    241    241    241    241    244    241    241    221    243    224
    85.3817556645759    0     67     57     84     67     63     85     83     67     67     67     67     65     84     67     67     60     67     69     67     67     67
    85.6079465614353    0    487    487    487    487    453    492    487    470    465    487    487    487    487    487    462    458    487    458    464    487    494
    87.1119532219685    0    177    177    188    184    186    155    177    151    150    155    186    161    173    190    185    177    154    177    177    177    177
    87.2949916014151    0    303    303    303    303    326    303    301    304    325    304    303    310    327    303    303    312    306    303    303    325    308
    89.3464169523591    0    250    250    252    250    250    250    250    250    250    258    268    250    250    250    275    250    275    253    250    250    275
    89.6957393295802    0      2      5      2     26      2      2     27      2     11     26      2      2      2      2      2      2      2      2     16      2      2
    91.0799560605531    0    288    288    293    288    288    288    272    288    288    256    294    288    288    288    256    288    274    293    288    288    255
     93.891051544967    0     30     30     30     37     30     43     19     30     42     41     30     30     30     30     30     30     30     30     37     40     30
    94.0053556831607    0     75     75     66     75     87     91     54     75     75     75     75     87     74     75     75     58     75     66     75     75     75
    96.0687182772601    0    483    483    483    483    470    490    483    493    493    483    483    483    483    483    491    491    483    468    494    483    490
    96.4899148084303    0    485    485    485    485    467    491    485    463    495    485    485    485    485    485    451    493    485    461    467    485    492
    97.4870719719161    0    402    402    402    425    402    427    402    411    402    403    402    404    402    400    402    402    426    426    425    402    427
     97.846729353392    0    171    156    184    180    182    184    171    159    162    166    183    185    187    167    151    171    157    171    171    171    171
    98.0354862176706    0    201    213    201    210    201    201    207    201    210    201    226    201    201    201    201    225    201    201    226    220    226
    100.100212301305    0    458    458    458    458    455    477    458    451    480    458    458    458    458    458    478    478    458    473    479    458    479
    100.808156306274    0    163    167    159    178    180    179    163    156    161    181    153    171    157    171    180    163    185    163    163    163    163
    103.199624304448    0     41     41     41     22     41      0     45     41     43     46     41     41     41     41     41     41     41     41     44     46     41
    103.551350500061    0    136    136    144    144    136    136    136    120    136    136    145    147    113    143    120    111    108    144    136    142    136
    105.856134888877    0    129    129    141    113    129    129    129    139    129    129    123    143    104    138    124    138    141    115    129    139    129
    108.347740721232    0    261    261    260    261    261    261    279    261    261    281    255    261    261    261    282    261    280    281    261    261    250
    108.674219017362    0     39     39     39     11     39     47     23     39     17     45     39     39     39     39     39     39     39     39     15     44     39
    109.621087681566    0    487    487    487    487    453    492    487    470    465    487    487    487    487    487    462    458    487    458    464    487    494
    110.653898573254    0    348    348    348    348    349    348    316    348    349    317    348    348    349    349    348    348    320    348    348    309    314
    111.971923613351    0    453    453    453    453    476    467    453    476    469    453    453    453    453    453    477    455    453    465    462    453    456
    112.952902584183    0    301    301    301    301    311    301    324    326    302    326    301    304    325    325    301    318    326    301    301    319    316
    116.902824105195    0    114    114    116    131    114    114    114    133    114    114    134    132    131    130    105    131    132    135    114    100    114
    120.208293252121    0     86     86     68     86     64     96     93     86     86     86     86     92     94     86     86     52     86     58     86     86     86
    120.245822537996    0    418    418    418    410    418    435    418    430    418    433    418    432    418    434    418    418    435    436    435    418    412
     120.47267466376    0    376    376    389    376    362    376    376    376    376    376    364    376    370    385    360    376    376    376    387    387    376
    121.681897196888    0     96     96     72     96     98     68     50     96     96     96     96     61     97     96     96     63     96     72     96     96     96
    121.721567744961    0    464    464    464    464    459    468    464    481    483    464    464    464    464    464    482    484    464    482    483    464    454
    122.311552970385    0     23      2     23     34     23     38     39     23     38     24     23     23     23     23     23     23     23     23     36     37     23
    123.482826730051    0    489    489    489    489    492    494    489    457    473    489    489    489    489    489    493    496    489    494    495    489    496
    124.074350020813    0    438    438    438    409    438    406    438    441    438    443    438    443    438    418    438    438    410    446    400    438    424
    124.106957235396    0    475    475    475    475    466    486    475    452    485    475    475    475    475    475    468    463    475    488    489    475    450
    126.390949092561    0    328    328    328    328    315    328    338    320    337    341    328    317    338    305    328    305    341    328    328    305    338
     126.42058085902    0    139    139    146    115    139    139    139    145    139    139    113    112    122    145    118    143    123    146    139    143    139
     128.42539864182    0    479    479    479    479    465    471    479    459    489    479    479    479    479    479    490    490    479    491    472    479    489
    131.079202857554    0     76     76     53     76     88     92     69     76     76     76     76     88     88     76     76     51     76     89     76     76     76
     131.69286211479    0    360    360    356    360    380    360    360    360    360    360    381    360    360    378    361    360    360    360    378    366    360
    131.859660195741    0      2      5      2     26      2      2     27      2     11     26      2      2      2      2      2      2      2      2     16      2      2
    132.713385634583    0    469    469    469    469    484    454    469    462    462    469    469    469    469    469    486    471    469    453    486    469    484
    132.761813039138    0    222    218    222    236    222    222    237    222    238    222    217    222    222    222    222    212    222    222    219    206    219
      137.3105721915    0    400    400    400    420    400    425    400    424    400    417    400    422    400    425    400    400    415    425    413    400    425
    137.697965565745    0    201    213    201    210    201    201    207    201    210    201    226    201    201    201    201    225    201    201    226    220    226
    138.295120275787    0    137    137    145    145    137    137    137    144    137    137    115    148    123    144    102    124    144    121    137    108    137
    138.483510247559    0    239    239    239    203    239    239    244    239    218    239    207    239    239    239    239    224    239    239    211    242    245
    139.350610707063    0     18     14     18      1     18     16     34     18     13     34     18     18     18     18     18     18     18     18     19      9     18
    139.971627024641    0    481    481    481    481    488    463    481    491    491    481    481    481    481    481    463    450    481    474    493    481    455
    139.997867910139    0    436    436    436    405    436    419    436    440    436    441    436    421    436    442    436    436    412    418    443    436    442
    140.443802269317    0    203    216    203    224    203    203    226    203    226    203    220    203    203    203    203    202    203    203    228    227    228
    143.383071817371    0    350    350    375    350    358    350    350    350    350    350    370    350    372    375    375    350    350    350    369    374    350
    143.810262064748    0    470    470    470    470    485    482    470    450    459    470    470    470    470    470    487    461    470    485    469    470    459
    144.283480809468    0    294    294    297    294    294    294    258    294    294    295    296    294    294    294    296    294    297    296    294    294    252
    144.509329733749    0    466    466    466    466    481    479    466    483    484    466    466    466    466    466    469    485    466    483    451    466    468
    144.711001370887    0    160    154    160    157    164    161    160    167    170    170    156    179    168    170    157    160    182    160    160    160    160
     146.64097064681    0     70     53     87     70     84     87     52     70     70     70     70     66     50     70     70     53     70     65     70     70     70
    146.923501502834    0    414    414    414    431    414    422    414    420    414    410    414    429    414    410    414    414    421    411    434    414    420
    148.725988654787    0    215    209    215    231    215    215    205    215    219    215    231    215    215    215    215    220    215    215    234    207    201
    150.376270526853    0    123    105    114    118    123    123    123    121    123    123    114    140    100    115    116    105    114    112    123    137    123
    150.417876499841    0    135    135    143    143    135    135    135    119    135    135    144    146    103    142    115    104    143    143    135    141    135
    150.894417460821    0    464    464    464    464    459    468    464    481    483    464    464    464    464    464    482    484    464    482    483    464    454
    151.402210193294    0    200    217    200    225    200    200    225    200    225    200    225    200    200    200    200    214    200    200    225    225    225
    152.942191036752    0     97     97     54     97     53     52     99     97     97     97     97     70     98     97     97     97     97     50     97     97     97
    153.592532984848    0     57     52     76     57     71     51     78     57     57     57     57     64     79     57     57     79     57     78     57     57     57
    154.264739791017    0    438    438    438    409    438    406    438    441    438    443    438    443    438    418    438    438    410    446    400    438    424
    156.941994666066    0    263    263    281    263    263    263    268    263    263    266    267    263    263    263    283    263    281    282    263    263    256
    157.982854439408    0    103    101    127    120    103    103    103    114    103    103    112    105    127    119    127    126    118    128    103    127    103
     158.47471731832    0    356    356    380    356    377    356    356    356    356    356    378    356    371    370    367    356    356    356    374    370    356
     159.70003064906    0     52     64     52     52     73     76     75     52     52     52     52     75     72     52     52     77     52     75     52     52     52
    160.109706258724    0     70     53     87     70     84     87     52     70     70     70     70     66     50     70     70     53     70     65     70     70     70
    161.325650126474    0    285    285    292    285    285    285    293    285    285    289    293    285    285    285    293    285    251    259    285    285    295
    161.682146848412    0    181    181    189    188    189    156    181    152    190    162    188    163    171    174    188    181    161    181    181    181    181
    162.395060555868    0     22     23     22     21     22     37     38     22     37     37     22     22     22     22     22     22     22     22     18     24     22
    163.675643069902    0    336    336    336    336    310    336    306    344    314    343    336    341    321    342    336    341    345    336    336    345    302
    163.951666386672    0      4      9      4      7      4     12     16      4     27      2      4      4      4      4      4      4      4      4     13     13      4
    164.766430530803    0    260    260    266    260    260    260    266    260    260    280    281    260    260    260    281    260    279    268    260    260    282
    166.090852123021    0    448    448    448    448    448    448    448    448    448    424    448    449    448    412    448    448    449    401    414    448    448
    167.533397741277    0    443    443    443    446    443    445    443    444    443    447    443    448    443    446    443    443    446    406    408    443    445
    168.677095924415    0    412    412    412    419    412    415    412    423    412    431    412    428    412    431    412    412    431    433    432    412    433
    168.700155453399    0    400    400    400    420    400    425    400    424    400    417    400    422    400    425    400    400    415    425    413    400    425
    169.944956699074    0    207    219    207    201    207    207    228    207    228    207    218    207    207    207    207    219    207    207    231    229    210
     172.48746118168    0    166    150    182    173    181    170    166    184    182    183    179    173    185    181    162    166    188    166    166    166    166
     173.01086545568    0    176    176    165    183    185    166    176    189    187    189    185    188    159    166    184    176    163    176    176    176    176
    173.017275004021    0    371    371    364    371    386    371    371    371    371    371    386    371    356    351    384    371    371    371    373    369    371
    173.529893143199    0    486    486    486    486    490    456    486    495    467    486    486    486    486    486    492    494    486    454    461    486    493
    173.564964157616    0    257    257    259    257    257    257    257    257    257    265    250    257    257    257    250    257    270    257    257    257    261
    173.999639334498    0    470    470    470    470    485    482    470    450    459    470    470    470    470    470    487    461    470    485    469    470    459
    174.485203209135    0    342    342    342    342    317    342    314    346    318    347    342    306    305    346    342    304    313    342    342    321    303
    174.972401084107    0    313    313    313    313    330    313    322    332    307    333    313    330    317    301    313    303    324    313    313    332    329
    176.012377776497    0    490    490    490    490    493    495    490    467    496    490    490    490    490    490    494    497    490    471    466    490    469
    177.357947094736    0    381    381    392    381    374    381    381    381    381    381    352    381    358    360    389    381    381    381    389    390    381
    184.870305433562    0    141    141    147    146    141    141    141    147    141    141    124    110    146    116    123    113    105    109    141    112    141
    186.564841222537    0    333    333    333    333    339    333    303    342    341    303    333    305    342    307    333    306    344    333    333    302    305
    189.160934257999    0    397    397    399    397    398    397    397    397    397    397    399    397    355    363    355    397    397    397    362    361    397
     190.85807392181    0     67     57     84     67     63     85     83     67     67     67     67     65     84     67     67     60     67     69     67     67     67
     193.96682685886    0    309    309    309    309    318    309    307    310    300    330    309    315    328    308    309    302    314    309    309    330    306
    195.561849426268    0    278    278    262    278    278    278    274    278    278    288    272    278    278    278    274    278    288    258    278    278    290
    196.007182339348    0    413    413    413    418    413    418    413    427    413    432    413    419    413    432    413    413    432    402    433    413    421
    198.035502251289    0    358    358    381    358    379    358    358    358    358    358    379    358    377    354    370    358    358    358    377    363    358
    199.854039935543    0     65     65     82     65     81     83     51     65     65     65     65     68     56     65     65     83     65     84     65     65     65
    199.861081185705    0    328    328    328    328    315    328    338    320    337    341    328    317    338    305    328    305    341    328    328    305    338
    201.852584170524    0    304    304    304    304    327    304    300    321    326    327    304    326    316    306    304    327    327    304    304    326    321
     202.00350448614    0    311    311    311    311    321    311    318    306    328    332    311    318    329    309    311    331    311    311    311    324    323
    203.523177460725    0    287    287    264    287    287    287    251    287    287    290    254    287    287    287    252    287    293    260    287    287    270
    204.048138324427    0    144    144    102    108    144    144    144    149    144    144    147    124    105    147    100    146    146    148    144    146    144
    206.809022032457    0    225    225    225    237    225    225    238    225    217    225    239    225    225    225    225    238    225    225    240    234    206
    209.069274875735    0    389    389    396    389    396    389    389    389    389    389    353    389    397    395    356    389    389    389    394    353    389
       209.100209899    0    348    348    348    348    349    348    316    348    349    317    348    348    349    349    348    348    320    348    348    309    314
    210.095127423263    0    476    476    476    476    461    452    476    489    486    476    476    476    476    476    470    470    476    489    490    476    487
    210.630280775831    0    434    434    434    443    434    444    434    438    434    404    434    441    434    417    434    434    407    410    417    434    441
     210.79147007962    0     67     57     84     67     63     85     83     67     67     67     67     65     84     67     67     60     67     69     67     67     67
    211.080534407069    0    247    247    247    248    247    247    220    247    204    247    201    247    247    247    247    248    247    247    220    248    221
    211.334968424125    0     54     70     75     54     67     77     76     54     54     54     54     76     77     54     54     71     54     70     54     54     54
    211.614546898526    0    298    298    299    298    298    298    264    298    298    299    274    298    298    298    299    298    250    255    298    298    273
    212.225332288457    0    114    114    116    131    114    114    114    133    114    114    134    132    131    130    105    131    132    135    114    100    114
    215.382271259016    0    245    245    245    246    245    245    206    245    222    245    211    245    245    245    245    201    245    245    201    222    249
    215.604642960732    0    475    475    475    475    466    486    475    452    485    475    475    475    475    475    468    463    475    488    489    475    450
    218.288293628812    0    230    230    230    216    230    230    215    230    221    230    242    230    230    230    230    218    230    230    243    208    241
      219.6392653165    0    124    122    138    137    124    124    124    137    124    124    118    141    137    135    136    109    138    139    124    117    124
    221.321851735285    0    398    398    374    398    359    398    398    398    398    398    361    398    374    366    398    398    398    398    399    398    398
    223.977147772336    0    156    153    176    165    177    176    156    178    178    151    166    178    170    151    153    156    179    156    156    156    156
    225.187471723817    0    353    353    377    353    355    353    353    353    353    353    376    353    351    368    377    353    353    353    359    375    353
     225.23700676982    0    182    182    190    189    160    174    182    192    191    160    168    151    190    192    189    182    168    182    182    182    182
    229.684680715068    0    408    408    408    429    408    430    408    406    408    427    408    423    408    401    408    408    429    430    403    408    411
     230.92944038692    0    307    307    307    307    303    307    327    330    309    329    307    328    313    328    307    329    329    307    307    329    325
    232.225482347124    0    318    318    318    318    313    318    332    308    331    322    318    333    331    318    318    321    335    318    318    335    317
    233.265894982166    0    306    306    306    306    307    306    326    329    313    328    306    313    308    323    306    300    305    306    306    328    300
    233.430200195532    0    346    346    346    346    301    346    304    313    315    301    346    316    347    321    346    311    348    346    346    307    347
    235.542620661949    0    354    354    378    354    370    354    354    354    354    354    377    354    354    361    364    354    354    354    375    376    354
    236.911419534831    0    183    183    166    190    190    164    183    150    192    156    189    153    169    156    190    183    156    183    183    183    183
    236.923579383035    0     47     47     47     47     47     48     11     47      9     48     47     47     47     47     47     47     47     47      0     15     47
    237.554281773177    0     48     48     48     48     48     49     49     48     48     49     48     48     48     48     48     48     48     48     48     49     48
    239.025382661019    0    438    438    438    409    438    406    438    441    438    443    438    443    438    418    438    438    410    446    400    438    424
    243.309782721189    0    130    130    124    109    130    130    130    140    130    130    100    144    140    108    110    118    142    141    130    140    130
    244.158851301769    0    205    207    205    227    205    205    217    205    227    205    215    205    205    205    205    228    205    205    230    228    230
    245.015570918671    0    175    175    187    182    184    186    175    162    186    188    184    187    160    189    183    175    190    175    175    175    175
    245.833125034902    0    206    222    206    228    206    206    227    206    209    206    219    206    206    206    206    217    206    206    218    219    231
    248.831418422417    0    207    219    207    201    207    207    228    207    228    207    218    207    207    207    207    219    207    207    231    229    210
    248.956743691768    0    161    170    178    177    178    169    161    180    179    180    159    167    153    179    178    161    183    161    161    161    161
     250.08901786711    0    362    362    361    362    372    362    362    362    362    362    366    362    380    369    379    362    362    362    380    380    362
    250.703614435139    0    317    317    317    317    312    317    331    303    330    336    317    301    300    333    317    313    334    317    317    334    324
    251.253134164484    0    146    146    121    148    146    146    146    108    146    146    149    109    148    121    147    147    147    116    146    147    146
    251.781779934582    0    215    209    215    231    215    215    205    215    219    215    231    215    215    215    215    220    215    215    234    207    201
    252.424743284646    0    355    355    379    355    357    355    355    355    355    355    360    355    353    352    363    355    355    355    364    377    355
    252.623110699164    0    354    354    378    354    370    354    354    354    354    354    377    354    354    361    364    354    354    354    375    376    354
    253.448032127907    0    474    474    474    474    472    485    474    488    463    474    474    474    474    474    450    489    474    459    488    474    486
    253.856053189351    0     81     81     71     81     54     95     89     81     81     81     81     74     91     81     81     91     81     92     81     81     81
    255.007407192066    0    423    423    423    401    423    438    423    422    423    435    423    413    423    436    423    423    406    420    437    423    435
    255.581639601509    0    494    494    494    494    496    497    494    498    461    494    494    494    494    494    467    498    494    463    498    494    464
    257.316215431125    0    166    150    182    173    181    170    166    184    182    183    179    173    185    181    162    166    188    166    166    166    166
    257.335291475068    0    217    220    217    232    217    217    234    217    234    217    233    217    217    217    217    233    217    217    235    223    217
    257.543811515306    0     22     23     22     21     22     37     38     22     37     37     22     22     22     22     22     22     22     22     18     24     22
    257.556719899801    0    385    385    355    385    360    385    385    385    385    385    369    385    394    391    390    385    385    385    367    393    385
    258.153226720245    0    384    384    393    384    394    384    384    384    384    384    394    384    393    371    354    384    384    384    366    392    384
    258.928293671828    0    484    484    484    484    474    451    484    494    494    484    484    484    484    484    452    492    484    493    456    484    491
    259.408264532327    0    117    124    135    133    117    117    117    124    117    117    117    135    133    132    133    102    135    120    117    134    117
    259.559934121464    0    376    376    389    376    362    376    376    376    376    376    364    376    370    385    360    376    376    376    387    387    376
    259.588982168921    0    412    412    412    419    412    415    412    423    412    431    412    428    412    431    412    412    431    433    432    412    433
    260.107066854731    0     24     20     24      9     24     15     40     24     10     38     24     24     24     24     24     24     24     24     12      3     24
    260.951156467508    0     51     60     67     51     75     75     70     51     51     51     51     63     75     51     51     76     51     51     51     51     51
    262.672136390566    0    108    100    120    119    108    108    108    128    108    108    107    116    102    127    129    117    101    132    108    101    108
    263.444192887304    0    492    492    492    492    494    453    492    497    455    492    492    492    492    492    471    462    492    496    496    492    472
    264.659112421233    0    465    465    465    465    480    464    465    482    464    465    465    465    465    465    483    464    465    466    454    465    482
    265.533553677232    0    156    153    176    165    177    176    156    178    178    151    166    178    170    151    153    156    179    156    156    156    156
    265.671318592414    0     83     83     69     83     52     74     71     83     83     83     83     67     92     83     83     59     83     93     83     83     83
    267.126275556835    0     36     36     36      4     36      5     44     36     16      4     36     36     36     36     36     36     36     36     41      1     36
    270.099705492483    0    489    489    489    489    492    494    489    457    473    489    489    489    489    489    493    496    489    494    495    489    496
    271.213621455847    0    421    421    421    404    421    408    421    432    421    407    421    415    421    404    421    421    419    421    416    421    413
    272.410375162009    0     91     91     96     91     74     98     53     91     91     91     91     96     95     91     91     95     91     56     91     91     91
    272.579288639951    0    356    356    380    356    377    356    356    356    356    356    378    356    371    370    367    356    356    356    374    370    356
    273.884640855118    0    245    245    245    246    245    245    206    245    222    245    211    245    245    245    245    201    245    245    201    222    249
     274.84635045068    0     40     40     40     43     40      6      2     40     19     12     40     40     40     40     40     40     40     40     43     45     40
    275.398850444985    0    109    115    131    103    109    109    109    129    109    109    131    128    128    122    130    128    128    117    109    105    109
    277.873930759578    0     86     86     68     86     64     96     93     86     86     86     86     92     94     86     86     52     86     58     86     86     86
    281.510635092095    0      1      1      1      2      1     26     26      1     26     25      1      1      1      1      1      1      1      1     26     12      1
    283.088793443726    0    358    358    381    358    379    358    358    358    358    358    379    358    377    354    370    358    358    358    377    363    358
    283.331693430645    0    379    379    390    379    391    379    379    379    379    379    356    379    389    388    388    379    379    379    358    388    379
    283.421764725818    0     45     45     45      6     45     18     20     45      8     47     45     45     45     45     45     45     45     45      9     47     45
    284.434383057736    0    430    430    430    440    430    442    430    436    430    438    430    439    430    440    430    430    413    419    422    430    439
    285.123647630487    0     18     14     18      1     18     16     34     18     13     34     18     18     18     18     18     18     18     18     19      9     18
    286.557397745426    0     44     44     44     46     44     13     48     44     46      7     44     44     44     44     44     44     44     44     14     11     44
    287.629956429234    0    463    463    463    463    468    450    463    480    482    463    463    463    463    463    481    483    463    467    470    463    474
    288.176855032539    0    108    100    120    119    108    108    108    128    108    108    107    116    102    127    129    117    101    132    108    101    108
    289.800686852021    0    281    281    250    281    281    281    291    281    281    264    258    281    281    281    291    281    291    291    281    281    272
    290.260249602622    0     84     84     92     84     61     60     91     84     84     84     84     51     93     84     84     55     84     53     84     84     84
    291.656079697217    0    329    329    329    329    336    329    339    340    306    324    329    339    339    314    329    339    318    329    329    341    339
    295.665817303337    0    485    485    485    485    467    491    485    463    495    485    485    485    485    485    451    493    485    461    467    485    492
    296.380949398885    0     67     57     84     67     63     85     83     67     67     67     67     65     84     67     67     60     67     69     67     67     67
    298.678125146649    0    236    236    236    242    236    236    209    236    245    236    221    236    236    236    236    216    236    236    245    215    244
