     0      0      46.3448     -14.9586
     1      0      5.33159     -42.4386
     2      0     0.377764     -31.2428
     3      0      3.66647      -11.732
     4      0      20.8237     -2.94293
     5      0            0            0
     6      0            0            0
     7      0            0            0
     8      0            0            0
     9      0            0            0
     0      1      37.0471    -0.824794
     1      1      90.0787     -24.4456
     2      1      16.8949     -47.5842
     3      1      30.8438     -29.0652
     4      1      1.36035     -11.5453
     5      1      12.1732     -34.4295
     6      1            0            0
     7      1     0.158512     -24.3556
     8      1            0            0
     9      1            0            0
     0      2      7.67392     -6.96324
     1      2      35.4456     -24.5648
     2      2      76.4526     -29.2646
     3      2      12.5529      -71.707
     4      2     0.114511     -27.4635
     5      2      6.91242     -9.80387
     6      2            0            0
     7      2       38.537     -3.43034
     8      2            0            0
     9      2            0            0
     0      3     0.709936      -23.653
     1      3      15.2914     -42.0667
     2      3      60.9477     -4.94083
     3      3      80.4204     -26.6403
     4      3      11.9255     -37.0302
     5      3     0.669699     -27.9373
     6      3            0            0
     7      3      3.61418     -8.85431
     8      3            0            0
     9      3            0            0
     0      4       4.9706      -37.334
     1      4            0     -23.2163
     2      4      3.16142     -9.79484
     3      4       34.174     -3.93223
     4      4      45.6592     -14.4443
     5      4            0            0
     6      4            0            0
     7      4            0            0
     8      4            0            0
     9      4            0            0
     0      5            0            0
     1      5      33.6554     -4.11728
     2      5      1.50098     -26.4057
     3      5      4.98878     -9.37554
     4      5            0            0
     5      5      46.6073      -13.449
     6      5            0            0
     7      5      7.11079     -37.5118
     8      5            0            0
     9      5            0            0
     0      6            0            0
     1      6            0            0
     2      6            0            0
     3      6            0            0
     4      6            0            0
     5      6            0            0
     6      6            0            0
     7      6            0            0
     8      6            0            0
     9      6            0            0
     0      7            0            0
     1      7      3.48562     -11.9104
     2      7      14.4316      -35.806
     3      7    0.0795466     -28.1041
     4      7            0            0
     5      7      22.7509      -3.8774
     6      7            0            0
     7      7       45.661      -15.525
     8      7            0            0
     9      7            0            0
     0      8            0            0
     1      8            0            0
     2      8            0            0
     3      8            0            0
     4      8            0            0
     5      8            0            0
     6      8            0            0
     7      8            0            0
     8      8            0            0
     9      8            0            0
     0      9            0            0
     1      9            0            0
     2      9            0            0
     3      9            0            0
     4      9            0            0
     5      9            0            0
     6      9            0            0
     7      9            0            0
     8      9            0            0
     9      9            0            0
