     0      0      115.568     -91.6302
     1      0      44.7648     -57.2023
     2      0      43.9868      -54.494
     3      0      59.2227     -72.0649
     4      0      85.8643     -70.1141
     5      0      35.5155     -34.5064
     6      0      59.4452     -64.7292
     7      0      36.8166     -31.4745
     8      0      54.8759     -63.2287
     9      0      55.4723     -49.7516
     0      1      54.5196     -46.5499
     1      1      122.234     -103.004
     2      1      80.1511     -92.9747
     3      1      79.1449      -83.423
     4      1      53.2499     -45.8717
     5      1      47.8865     -52.8489
     6      1      70.8121     -70.2144
     7      1      48.0264     -47.8082
     8      1      42.4526     -48.5154
     9      1      60.5945     -59.2618
     0      2      48.6275     -45.4626
     1      2      83.2421     -84.2943
     2      2      143.523     -130.277
     3      2      126.604     -109.981
     4      2      65.0726     -78.8786
     5      2       67.422     -78.9373
     6      2      91.1909     -91.1071
     7      2      79.5691     -88.5428
     8      2      85.9024     -83.6642
     9      2      57.1389     -69.0359
     0      3      59.8853     -75.2122
     1      3      78.4325     -86.3436
     2      3      123.181     -115.407
     3      3      175.216     -127.068
     4      3      53.9216     -72.1765
     5      3      54.7463     -83.1078
     6      3      97.9454       -101.8
     7      3      80.3627     -79.9362
     8      3      90.2029     -87.9219
     9      3      65.7533     -82.2954
     0      4      67.0762     -103.546
     1      4       48.032     -55.5702
     2      4      62.0479      -74.032
     3      4      66.1017     -50.9398
     4      4      131.183     -102.138
     5      4        54.23     -44.6849
     6      4      69.2919     -67.7354
     7      4      47.8387      -52.384
     8      4      46.0183     -49.9834
     9      4      56.8287     -62.6203
     0      5      36.8101     -35.4378
     1      5      57.6954     -41.1637
     2      5      76.0886     -69.4376
     3      5      63.8123     -68.5201
     4      5      48.3656     -53.9108
     5      5      110.288     -97.4577
     6      5      64.4928     -57.9457
     7      5      43.9891     -55.3266
     8      5      52.1132     -72.4749
     9      5      46.8558     -44.5826
     0      6      58.1175     -63.8201
     1      6      74.2115     -76.2536
     2      6      90.3024      -97.384
     3      6      99.0401     -104.123
     4      6      63.0913     -81.0522
     5      6      55.7405     -66.6216
     6      6      147.439      -121.69
     7      6      64.9126     -61.9222
     8      6      84.3882     -81.0266
     9      6       79.667     -63.5755
     0      7      36.2761     -36.4142
     1      7      44.6243     -50.5123
     2      7      83.8327     -83.9856
     3      7      76.0055     -93.8493
     4      7      53.9997     -47.6339
     5      7      47.9735     -44.8177
     6      7      61.3945     -62.9338
     7      7      102.248     -96.7215
     8      7      39.0216     -31.5458
     9      7      46.1584     -44.4346
     0      8      59.9369     -62.6752
     1      8      40.8533     -50.8581
     2      8      80.0927     -85.4056
     3      8      76.4463     -104.341
     4      8      50.4775     -51.1012
     5      8      59.9975     -54.1792
     6      8      78.9603     -84.6329
     7      8      35.9738     -36.4904
     8      8      133.667     -108.794
     9      8      70.5234     -81.6337
     0      9      54.4478     -45.7894
     1      9      51.9111     -68.2543
     2      9      71.1077     -51.5494
     3      9      69.6024     -70.3243
     4      9      53.9202     -63.3632
     5      9      44.3931     -56.3753
     6      9      56.7488     -86.4108
     7      9      38.5546     -56.0379
     8      9      70.5438     -72.3469
     9      9      134.282     -101.981
