           1            1          0.5          100            0            0            0            0            0      0            0      0            0      0            0      0            0      0            0      0            0      0            0      0            0      0            0      0            0      0            0      0            0      0            0      0            0      0            0      0            0      0            0      0            0      0            0      0            0
           1            1          0.5          100      16.5118            0            0            0            0      0            0      0            0      0            0      0            0      0            0      0            0      0            0      0            0      0            0      0            0      0            0      0            0      0            0      0            0      0            0      0            0      0            0      0            0      0            0      0            0
           1            1          0.5          100            0            0            0            0            0      0            0      0            0      0            0      0            0      0            0      0            0      0            0      0            0      0            0      0            0      0            0      0            0      0            0      0            0      0            0      0            0      0            0      0            0      0            0      0            0
           1            1          0.5          100       39.921            0            0            0            0      0            0      0            0      0            0      0            0      0            0      0            0      0            0      0            0      0            0      0            0      0            0      0            0      0            0      0            0      0            0      0            0      0            0      0            0      0            0      0            0
           1            1          0.5          100            0            0            0            0            0      0            0      0            0      0            0      0            0      0            0      0            0      0            0      0            0      0            0      0            0      0            0      0            0      0            0      0            0      0            0      0            0      0            0      0            0      0            0      0            0
           1            1          0.5          100      55.1005            0            0            0            0      0            0      0            0      0            0      0            0      0            0      0            0      0            0      0            0      0            0      0            0      0            0      0            0      0            0      0            0      0            0      0            0      0            0      0            0      0            0      0            0
           1            1          0.5          100            0            0            0            0            0      0            0      0            0      0            0      0            0      0            0      0            0      0            0      0            0      0            0      0            0      0            0      0            0      0            0      0            0      0            0      0            0      0            0      0            0      0            0      0            0
           1            1          0.5          100      70.6622            0            0            0            0      0            0      0            0      0            0      0            0      0            0      0            0      0            0      0            0      0            0      0            0      0            0      0            0      0            0      0            0      0            0      0            0      0            0      0            0      0            0      0            0
           1            1          0.5          100      83.9445            0            0            0            0      0            0      0            0      0            0      0            0      0            0      0            0      0            0      0            0      0            0      0            0      0            0      0            0      0            0      0            0      0            0      0            0      0            0      0            0      0            0      0            0
           1            1          0.5          100      90.0906            0            0            0            0      0            0      0            0      0            0      0            0      0            0      0            0      0            0      0            0      0            0      0            0      0            0      0            0      0            0      0            0      0            0      0            0      0            0      0            0      0            0      0            0
           1            1          0.5          100      102.056            1            0            0            0      0            0      0            0      0            0      0            0      0            0      0            0      0            0      0            0      0            0      0            0      0            0      0            0      0            0      0            0      0            0      0            0      0            0      0            0      0            0      0            0
           1            1          0.5          100      110.932            2            0            0            0      0            0      0            0      0            0      0            0      0            0      0            0      0            0      0            0      0            0      0            0      0            0      0            0      0            0      0            0      0            0      0            0      0            0      0            0      0            0      0            0
           1            1          0.5          100      124.879            3            0            0            0      0            0      0            0      0            0      0            0      0            0      0            0      0            0      0            0      0            0      0            0      0            0      0            0      0            0      0            0      0            0      0            0      0            0      0            0      0            0      0            0
           1            1          0.5          100      132.885            4            0            0            0      0            0      0            0      0            0      0            0      0            0      0            0      0            0      0            0      0            0      0            0      0            0      0            0      0            0      0            0      0            0      0            0      0            0      0            0      0            0      0            0
           1            1          0.5          100      132.885            4            0            0            0      0            0      0            0      0            0      0            0      0            0      0            0      0            0      0            0      0            0      0            0      0            0      0            0      0            0      0            0      0            0      0            0      0            0      0            0      0            0      0            0
           1            1          0.5          100      151.881            6            0            0            0      0            0      0            0      0            0      0            0      0            0      0            0      0            0      0            0      0            0      0            0      0            0      0            0      0            0      0            0      0            0      0            0      0            0      0            0      0            0      0            0
           1            1          0.5          100      161.293            7            0            0            0      0            0      0            0      0            0      0            0      0            0      0            0      0            0      0            0      0            0      0            0      0            0      0            0      0            0      0            0      0            0      0            0      0            0      0            0      0            0      0            0
           1            1          0.5          100      171.367            8            0            0            0      0            0      0            0      0            0      0            0      0            0      0            0      0            0      0            0      0            0      0            0      0            0      0            0      0            0      0            0      0            0      0            0      0            0      0            0      0            0      0            0
           1            1          0.5          100      180.784            9            0            0            0      0            0      0            0      0            0      0            0      0            0      0            0      0            0      0            0      0            0      0            0      0            0      0            0      0            0      0            0      0            0      0            0      0            0      0            0      0            0      0            0
           1            1          0.5          100      198.182           10            0            0            0      0            0      0            0      0            0      0            0      0            0      0            0      0            0      0            0      0            0      0            0      0            0      0            0      0            0      0            0      0            0      0            0      0            0      0            0      0            0      0            0
           1            1          0.5          100      204.401           11           16     0.354536   0.00597055    200     0.351106     85     0.181764     60     0.272008     10     0.181809      0            0    155     0.272436      0            0     45     0.269566     10    0.0909091     10     0.260732     40     0.179784    165     0.272498     30     0.181357     85     0.181742     30      0.33869      0            0     35     0.354536     10    0.0909091    150     0.221574     10    0.0909091
           1            1          0.5          100      215.001           12            0     0.353137    0.0112681    200     0.353137     80     0.246435     60     0.249341     10     0.166659      0            0    155     0.249733      0            0     45     0.247102     10    0.0833333     10     0.239004     40     0.164802    165     0.249789     30     0.166244     90     0.246032     30     0.310466      0            0     35     0.324991     10    0.0833333    135     0.271417     10    0.0833333
           1            1          0.5          100      223.825           13            0     0.310229    0.0147419     35     0.310229     80     0.227479     60     0.230161     10     0.153839      0            0    155     0.230523      0            0     45     0.228094     10    0.0769231     40     0.213271     40     0.152125    165     0.230575     30     0.153456     90     0.227107     25     0.265752      0            0     35     0.299992     10    0.0769231     40     0.223978     10    0.0769231
           1            1          0.5          100      223.825           13            0     0.310229    0.0177344     35     0.310229     80     0.227479     60     0.230161     10     0.153839      0            0    155     0.230523      0            0     45     0.228094     10    0.0769231     40     0.213271     40     0.152125    165     0.230575     30     0.153456     90     0.227107     25     0.265752      0            0     35     0.299992     10    0.0769231     40     0.223978     10    0.0769231
           1            1          0.5          100      247.146           15            0     0.330819     0.020736     45     0.330819     85     0.258346     70     0.249312     10     0.133327      0            0    155     0.199787      0            0     50     0.244428     10    0.0666667     15     0.275587     40     0.131842    165     0.199832     40     0.180481    100     0.226224     55     0.237881      0            0     35     0.259993     80     0.133089     40     0.250784     10    0.0666667
           1            1          0.5          100      247.146           15            0     0.330819    0.0231904     45     0.330819     85     0.258346     70     0.249312     10     0.133327      0            0    155     0.199787      0            0     50     0.244428     10    0.0666667     15     0.275587     40     0.131842    165     0.199832     40     0.180481    100     0.226224     55     0.237881      0            0     35     0.259993     80     0.133089     40     0.250784     10    0.0666667
           1            1          0.5          100      263.022           16            9     0.320351     0.024878     45     0.310143     85     0.242199     70      0.23373     25     0.181956      0            0    155       0.1873      0            0     50     0.229151     10       0.0625     15     0.320351     40     0.123602    200     0.239718     40     0.169201     90     0.231786     55     0.223013      0            0     35     0.243744     80     0.124771     40      0.23511     10       0.0625
           1            1          0.5          100      277.888           17            9     0.311279     0.025885     45     0.291899     85     0.227952     70     0.219981     25     0.171253      0            0    170     0.233835      0            0     25     0.272157     10    0.0588235     15     0.311279     40     0.116331    200     0.225617     40     0.159248     90     0.218152     55     0.268388      0            0     35     0.229406     80     0.173772     35     0.245962     10    0.0588235
           1            1          0.5          100      285.562           18            9     0.293986    0.0261371     45     0.275682     85     0.215288     80     0.207714     25     0.161739     10    0.0555556    200     0.230025      0            0    135     0.284579     10    0.0555556     15     0.293986     40     0.109868    200     0.213083     40     0.150401     90     0.206032     55     0.253478      0            0     35     0.216661     90     0.183807     35     0.232297     10    0.0555556
           1            1          0.5          100      285.562           18            9     0.293986     0.025957     45     0.275682     85     0.215288     80     0.207714     25     0.161739     10    0.0555556    200     0.230025      0            0    135     0.284579     10    0.0555556     15     0.293986     40     0.109868    200     0.213083     40     0.150401     90     0.206032     55     0.253478      0            0     35     0.216661     90     0.183807     35     0.232297     10    0.0555556
