         5.5            2          0.5          100            0            0            0            0            0      0            0      0            0      0            0      0            0      0            0      0            0      0            0      0            0      0            0      0            0      0            0      0            0      0            0      0            0      0            0      0            0      0            0      0            0      0            0      0            0
         5.5            2          0.5          100      13.2189            0            0            0            0      0            0      0            0      0            0      0            0      0            0      0            0      0            0      0            0      0            0      0            0      0            0      0            0      0            0      0            0      0            0      0            0      0            0      0            0      0            0      0            0
         5.5            2          0.5          100      21.7198            0            0            0            0      0            0      0            0      0            0      0            0      0            0      0            0      0            0      0            0      0            0      0            0      0            0      0            0      0            0      0            0      0            0      0            0      0            0      0            0      0            0      0            0
         5.5            2          0.5          100      35.1392            0            0            0            0      0            0      0            0      0            0      0            0      0            0      0            0      0            0      0            0      0            0      0            0      0            0      0            0      0            0      0            0      0            0      0            0      0            0      0            0      0            0      0            0
         5.5            2          0.5          100            0            0            0            0            0      0            0      0            0      0            0      0            0      0            0      0            0      0            0      0            0      0            0      0            0      0            0      0            0      0            0      0            0      0            0      0            0      0            0      0            0      0            0      0            0
         5.5            2          0.5          100      54.2213            0            0            0            0      0            0      0            0      0            0      0            0      0            0      0            0      0            0      0            0      0            0      0            0      0            0      0            0      0            0      0            0      0            0      0            0      0            0      0            0      0            0      0            0
         5.5            2          0.5          100            0            0            0            0            0      0            0      0            0      0            0      0            0      0            0      0            0      0            0      0            0      0            0      0            0      0            0      0            0      0            0      0            0      0            0      0            0      0            0      0            0      0            0      0            0
         5.5            2          0.5          100      76.8185            0            0            0            0      0            0      0            0      0            0      0            0      0            0      0            0      0            0      0            0      0            0      0            0      0            0      0            0      0            0      0            0      0            0      0            0      0            0      0            0      0            0      0            0
         5.5            2          0.5          100      88.7313            0            0            0            0      0            0      0            0      0            0      0            0      0            0      0            0      0            0      0            0      0            0      0            0      0            0      0            0      0            0      0            0      0            0      0            0      0            0      0            0      0            0      0            0
         5.5            2          0.5          100            0            0            0            0            0      0            0      0            0      0            0      0            0      0            0      0            0      0            0      0            0      0            0      0            0      0            0      0            0      0            0      0            0      0            0      0            0      0            0      0            0      0            0      0            0
         5.5            2          0.5          100      100.887            1            0            0            0      0            0      0            0      0            0      0            0      0            0      0            0      0            0      0            0      0            0      0            0      0            0      0            0      0            0      0            0      0            0      0            0      0            0      0            0      0            0      0            0
         5.5            2          0.5          100      100.887            1            0            0            0      0            0      0            0      0            0      0            0      0            0      0            0      0            0      0            0      0            0      0            0      0            0      0            0      0            0      0            0      0            0      0            0      0            0      0            0      0            0      0            0
         5.5            2          0.5          100      123.291            2            0            0            0      0            0      0            0      0            0      0            0      0            0      0            0      0            0      0            0      0            0      0            0      0            0      0            0      0            0      0            0      0            0      0            0      0            0      0            0      0            0      0            0
         5.5            2          0.5          100      133.388            3            0            0            0      0            0      0            0      0            0      0            0      0            0      0            0      0            0      0            0      0            0      0            0      0            0      0            0      0            0      0            0      0            0      0            0      0            0      0            0      0            0      0            0
         5.5            2          0.5          100      133.388            3            0            0            0      0            0      0            0      0            0      0            0      0            0      0            0      0            0      0            0      0            0      0            0      0            0      0            0      0            0      0            0      0            0      0            0      0            0      0            0      0            0      0            0
         5.5            2          0.5          100      154.816            4            0            0            0      0            0      0            0      0            0      0            0      0            0      0            0      0            0      0            0      0            0      0            0      0            0      0            0      0            0      0            0      0            0      0            0      0            0      0            0      0            0      0            0
         5.5            2          0.5          100       166.19            5            0            0            0      0            0      0            0      0            0      0            0      0            0      0            0      0            0      0            0      0            0      0            0      0            0      0            0      0            0      0            0      0            0      0            0      0            0      0            0      0            0      0            0
         5.5            2          0.5          100      171.215            6            0            0            0      0            0      0            0      0            0      0            0      0            0      0            0      0            0      0            0      0            0      0            0      0            0      0            0      0            0      0            0      0            0      0            0      0            0      0            0      0            0      0            0
         5.5            2          0.5          100      171.215            6            0            0            0      0            0      0            0      0            0      0            0      0            0      0            0      0            0      0            0      0            0      0            0      0            0      0            0      0            0      0            0      0            0      0            0      0            0      0            0      0            0      0            0
         5.5            2          0.5          100      197.174            7            0            0            0      0            0      0            0      0            0      0            0      0            0      0            0      0            0      0            0      0            0      0            0      0            0      0            0      0            0      0            0      0            0      0            0      0            0      0            0      0            0      0            0
         5.5            2          0.5          100      197.174            7            0            0            0      0            0      0            0      0            0      0            0      0            0      0            0      0            0      0            0      0            0      0            0      0            0      0            0      0            0      0            0      0            0      0            0      0            0      0            0      0            0      0            0
         5.5            2          0.5          100      214.515            8           13     0.454697    0.0098206    140     0.424997     20         0.25     10     0.249975     55     0.249901      0            0     10        0.125     70     0.410387     10        0.125     40     0.249991    200     0.249963     85     0.374537    130     0.249998     20     0.249716     75     0.454697     15     0.341449     35     0.362445     10        0.125     10        0.125     10        0.125      0            0
         5.5            2          0.5          100      228.728            9            6     0.474443     0.019434    140     0.377775     20     0.222222     10       0.2222     60     0.311926      0            0     10     0.111111     70     0.474443     10     0.111111     40     0.222214    200      0.22219     85     0.332922    130     0.222221     20     0.221969     70     0.427943     50     0.408629     35     0.322173     10     0.111111     10     0.111111     10     0.111111     10     0.111111
         5.5            2          0.5          100      228.728            9            6     0.474443     0.027922    140     0.377775     20     0.222222     10       0.2222     60     0.311926      0            0     10     0.111111     70     0.474443     10     0.111111     40     0.222214    200      0.22219     85     0.332922    130     0.222221     20     0.221969     70     0.427943     50     0.408629     35     0.322173     10     0.111111     10     0.111111     10     0.111111     10     0.111111
         5.5            2          0.5          100      247.808           10           14     0.467277    0.0350142     40     0.433007     20          0.2     10      0.19998     60     0.280733      0            0     10          0.1     70     0.426999    135     0.199982     40     0.199993    125     0.281357     85     0.299629    130     0.199999     20     0.199773     70     0.385149     50     0.467277     35     0.289956     10          0.1     15     0.199999     35     0.199828     10          0.1
         5.5            2          0.5          100      259.491           11           14     0.453767      0.04055     15     0.329202     20     0.181818     10      0.25295     60     0.255212      0            0     10    0.0909091     70     0.388181    135     0.181802     40     0.181812    135     0.339565     85      0.27239    130     0.181817     20     0.181611     70     0.350135     55     0.453767     35     0.263596     10    0.0909091     15     0.181817     35     0.181662     35     0.181586
         5.5            2          0.5          100      259.491           11           14     0.453767    0.0450563     15     0.329202     20     0.181818     10      0.25295     60     0.255212      0            0     10    0.0909091     70     0.388181    135     0.181802     40     0.181812    135     0.339565     85      0.27239    130     0.181817     20     0.181611     70     0.350135     55     0.453767     35     0.263596     10    0.0909091     15     0.181817     35     0.181662     35     0.181586
         5.5            2          0.5          100      279.413           12           14     0.494698    0.0498084     15     0.301768     20     0.166667     10     0.231871     60     0.233944      0            0    160     0.166605     70     0.355832    130     0.248799     40     0.166661     20     0.288047     85     0.249691    130     0.166665     20     0.166477     70     0.320957     55     0.494698     35      0.24163     10    0.0833333     25     0.242582     30     0.232928     35     0.166454
         5.5            2          0.5          100      279.413           12           14     0.494698    0.0533369     15     0.301768     20     0.166667     10     0.231871     60     0.233944      0            0    160     0.166605     70     0.355832    130     0.248799     40     0.166661     20     0.288047     85     0.249691    130     0.166665     20     0.166477     70     0.320957     55     0.494698     35      0.24163     10    0.0833333     25     0.242582     30     0.232928     35     0.166454
         5.5            2          0.5          100      279.413           12           14     0.494698    0.0556418     15     0.301768     20     0.166667     10     0.231871     60     0.233944      0            0    160     0.166605     70     0.355832    130     0.248799     40     0.166661     20     0.288047     85     0.249691    130     0.166665     20     0.166477     70     0.320957     55     0.494698     35      0.24163     10    0.0833333     25     0.242582     30     0.232928     35     0.166454
