         5.5            0          0.5          100            0            0            0            0            0      0            0      0            0      0            0      0            0      0            0      0            0      0            0      0            0      0            0      0            0      0            0      0            0      0            0      0            0      0            0      0            0      0            0      0            0      0            0      0            0
         5.5            0          0.5          100      19.9898            0            0            0            0      0            0      0            0      0            0      0            0      0            0      0            0      0            0      0            0      0            0      0            0      0            0      0            0      0            0      0            0      0            0      0            0      0            0      0            0      0            0      0            0
         5.5            0          0.5          100      29.9938            0            0            0            0      0            0      0            0      0            0      0            0      0            0      0            0      0            0      0            0      0            0      0            0      0            0      0            0      0            0      0            0      0            0      0            0      0            0      0            0      0            0      0            0
         5.5            0          0.5          100      39.9341            0            0            0            0      0            0      0            0      0            0      0            0      0            0      0            0      0            0      0            0      0            0      0            0      0            0      0            0      0            0      0            0      0            0      0            0      0            0      0            0      0            0      0            0
         5.5            0          0.5          100      49.9585            0            0            0            0      0            0      0            0      0            0      0            0      0            0      0            0      0            0      0            0      0            0      0            0      0            0      0            0      0            0      0            0      0            0      0            0      0            0      0            0      0            0      0            0
         5.5            0          0.5          100      59.9233            0            0            0            0      0            0      0            0      0            0      0            0      0            0      0            0      0            0      0            0      0            0      0            0      0            0      0            0      0            0      0            0      0            0      0            0      0            0      0            0      0            0      0            0
         5.5            0          0.5          100      69.9198            0            0            0            0      0            0      0            0      0            0      0            0      0            0      0            0      0            0      0            0      0            0      0            0      0            0      0            0      0            0      0            0      0            0      0            0      0            0      0            0      0            0      0            0
         5.5            0          0.5          100      79.9829            0            0            0            0      0            0      0            0      0            0      0            0      0            0      0            0      0            0      0            0      0            0      0            0      0            0      0            0      0            0      0            0      0            0      0            0      0            0      0            0      0            0      0            0
         5.5            0          0.5          100      89.8017            0            0            0            0      0            0      0            0      0            0      0            0      0            0      0            0      0            0      0            0      0            0      0            0      0            0      0            0      0            0      0            0      0            0      0            0      0            0      0            0      0            0      0            0
         5.5            0          0.5          100      99.9559            0            0            0            0      0            0      0            0      0            0      0            0      0            0      0            0      0            0      0            0      0            0      0            0      0            0      0            0      0            0      0            0      0            0      0            0      0            0      0            0      0            0      0            0
         5.5            0          0.5          100      109.841          247            0            0            0      0            0      0            0      0            0      0            0      0            0      0            0      0            0      0            0      0            0      0            0      0            0      0            0      0            0      0            0      0            0      0            0      0            0      0            0      0            0      0            0
         5.5            0          0.5          100      119.987          446            0            0            0      0            0      0            0      0            0      0            0      0            0      0            0      0            0      0            0      0            0      0            0      0            0      0            0      0            0      0            0      0            0      0            0      0            0      0            0      0            0      0            0
         5.5            0          0.5          100      129.885          635            0            0            0      0            0      0            0      0            0      0            0      0            0      0            0      0            0      0            0      0            0      0            0      0            0      0            0      0            0      0            0      0            0      0            0      0            0      0            0      0            0      0            0
         5.5            0          0.5          100      139.899          920            0            0            0      0            0      0            0      0            0      0            0      0            0      0            0      0            0      0            0      0            0      0            0      0            0      0            0      0            0      0            0      0            0      0            0      0            0      0            0      0            0      0            0
         5.5            0          0.5          100      149.902         1121            0            0            0      0            0      0            0      0            0      0            0      0            0      0            0      0            0      0            0      0            0      0            0      0            0      0            0      0            0      0            0      0            0      0            0      0            0      0            0      0            0      0            0
         5.5            0          0.5          100       159.96         1323            0            0            0      0            0      0            0      0            0      0            0      0            0      0            0      0            0      0            0      0            0      0            0      0            0      0            0      0            0      0            0      0            0      0            0      0            0      0            0      0            0      0            0
         5.5            0          0.5          100      169.964         1568            0            0            0      0            0      0            0      0            0      0            0      0            0      0            0      0            0      0            0      0            0      0            0      0            0      0            0      0            0      0            0      0            0      0            0      0            0      0            0      0            0      0            0
         5.5            0          0.5          100      179.918         1818            0            0            0      0            0      0            0      0            0      0            0      0            0      0            0      0            0      0            0      0            0      0            0      0            0      0            0      0            0      0            0      0            0      0            0      0            0      0            0      0            0      0            0
         5.5            0          0.5          100      189.941         1982            0            0            0      0            0      0            0      0            0      0            0      0            0      0            0      0            0      0            0      0            0      0            0      0            0      0            0      0            0      0            0      0            0      0            0      0            0      0            0      0            0      0            0
         5.5            0          0.5          100      199.977         2111            0            0            0      0            0      0            0      0            0      0            0      0            0      0            0      0            0      0            0      0            0      0            0      0            0      0            0      0            0      0            0      0            0      0            0      0            0      0            0      0            0      0            0
         5.5            0          0.5          100      209.997         2404           18     0.143617  0.000979729     35    0.0655904     35    0.0770442     35     0.137004     40     0.104847     40    0.0696997     40     0.113552     40     0.105146     35    0.0580119     40     0.134315     40    0.0604926     20     0.070994     35     0.107341     35    0.0451808     40    0.0831768     40    0.0686021     45     0.080476     45    0.0332166     35     0.103064     35     0.143617     35     0.099432
         5.5            0          0.5          100      219.762         2612            2     0.141363   0.00182744     35    0.0656879     35    0.0863316     35     0.141363     40     0.096154     40     0.068549     40     0.116087     40    0.0964865     35    0.0561935     40     0.132082     40    0.0574012     45    0.0721698     35     0.105117     35     0.047042     40    0.0809484     35    0.0684515     45    0.0719257     40    0.0383128     35     0.102211     35      0.13615     35     0.105427
         5.5            0          0.5          100      229.931         2822            2     0.138192   0.00253763     35    0.0637026     35    0.0887452     35     0.138192     40    0.0932784     35    0.0701801     40     0.114391     35    0.0927811     35     0.058387     40     0.131304     40    0.0541988     45    0.0755554     35     0.102613     35    0.0614723     40    0.0822608     35    0.0634541     50    0.0660211     40     0.041048     35     0.106701     35       0.1278     35    0.0994761
         5.5            0          0.5          100      239.776         2967            2      0.13454   0.00311276     35    0.0621211     35    0.0861754     35      0.13454     40    0.0902078     35    0.0723332     40     0.111146     35    0.0897654     35    0.0590124     40     0.129099     35    0.0478489     40    0.0776825     35     0.103385     35    0.0642083     40    0.0770967     35    0.0648603     50     0.062338     40    0.0416537     35     0.109011     35     0.127304     35    0.0944653
         5.5            0          0.5          100      249.996         3229           18     0.133384    0.0035859     35    0.0617589     35    0.0888058     35     0.130969     40    0.0821936     40    0.0777262     40     0.101424     35    0.0885842     35    0.0641329     40     0.127694     40    0.0466091     45    0.0846479     35     0.109233     35    0.0650814     40    0.0731212     35    0.0617832     50    0.0667834     40    0.0433045     35     0.103127     35     0.133384     35    0.0907142
         5.5            0          0.5          100      259.893         3468           18     0.127228   0.00391515     35     0.062089     35    0.0926648     35     0.126971     45    0.0789507     40    0.0775509     40    0.0974542     35    0.0868156     35    0.0694016     40     0.127155     40    0.0453657     40    0.0901374     35     0.103083     35    0.0623715     40     0.075003     35    0.0554435     50    0.0645431     40    0.0470612     35    0.0981165     35     0.127228     35    0.0867993
         5.5            0          0.5          100      269.948         3640           18     0.126173   0.00415508     35    0.0627994     35     0.089201     35     0.122413     45    0.0780837     40    0.0784917     40    0.0957727     35    0.0853416     35    0.0729671     40     0.125626     40    0.0438173     40    0.0934248     35     0.103316     35    0.0624499     40    0.0732589     35    0.0517391     50     0.065008     40    0.0489353     35    0.0999909     35     0.126173     35    0.0814952
         5.5            0          0.5          100      279.998         3803           18     0.132642   0.00436439     35    0.0637393     35     0.086237     35      0.12023     45     0.076998     40    0.0781339     40    0.0918119     35    0.0870476     35     0.073034     40     0.124194     40     0.040276     40      0.09314     35     0.107258     35    0.0638458     40    0.0740762     35    0.0550648     35    0.0663689     40    0.0488271     35      0.10314     35     0.132642     35     0.076825
         5.5            0          0.5          100      289.876         4059           18     0.138592   0.00453034     35    0.0626498     35    0.0866433     35     0.120589     45    0.0759954     40    0.0776059     40     0.084398     35    0.0841275     35    0.0693634     40     0.120347     40    0.0379956     40    0.0968462     35     0.110516     35    0.0625732     40    0.0703908     35    0.0560019     35     0.072088     40    0.0494286     35      0.10471     35     0.138592     35    0.0754102
         5.5            0          0.5          100      299.998         4205           18     0.139422   0.00460617     35    0.0641468     35    0.0869706     35     0.121988     45    0.0778245     40    0.0761423     40    0.0801009     35    0.0820533     35    0.0697141     40     0.116518     40    0.0359987     40    0.0964328     35     0.108938     35    0.0609964     40    0.0674967     35    0.0545832     35    0.0746064     40    0.0526063     35      0.10891     35     0.139422     35    0.0738281
