     0      0      217.002     -54.0444
     1      0      21.4762     -95.6093
     2      0       29.727     -25.4352
     3      0      19.2147     -86.0125
     4      0      54.8272     -24.3956
     5      0      33.6458     -36.9426
     6      0      30.8064     -46.3974
     7      0            0            0
     8      0      12.8313     -74.0061
     9      0      32.1977     -35.9807
     0      1      71.9203     -10.8229
     1      1      171.748     -52.5489
     2      1      9.58862     -48.5248
     3      1      62.4723      -53.223
     4      1      2.95584     -41.9184
     5      1      13.0027     -46.3561
     6      1      27.5179     -37.9252
     7      1      5.14186     -38.3395
     8      1      12.4145     -33.5636
     9      1      3.11254     -58.5506
     0      2       13.304     -46.3229
     1      2      27.5974     -21.8229
     2      2      196.083     -41.7389
     3      2      28.6137     -154.255
     4      2       32.339     -36.5139
     5      2      2.78991     -33.4678
     6      2      1.52464     -11.7551
     7      2       63.135     -5.32754
     8      2      26.4457     -25.1692
     9      2      1.65865     -30.0943
     0      3      31.8295     -82.1945
     1      3      50.1692     -71.6496
     2      3      123.572     -19.3551
     3      3      300.973     -57.9148
     4      3      31.2163     -119.314
     5      3      8.68492      -71.492
     6      3      37.8623     -65.1509
     7      3      11.0429     -43.1069
     8      3      68.8045     -33.3066
     9      3       23.808     -88.7139
     0      4      13.4337     -113.688
     1      4      5.16727     -31.2149
     2      4      13.4025     -69.7073
     3      4      102.262     -15.8025
     4      4      174.869     -51.1539
     5      4       34.502     -34.5612
     6      4      46.5287      -9.0677
     7      4      16.9188     -32.4483
     8      4      5.77703     -9.21189
     9      4     0.286406     -23.4334
     0      5      33.7852     -34.6565
     1      5      36.1445     -24.6438
     2      5      1.58918     -36.6201
     3      5      26.2465     -34.6686
     4      5      32.0795     -35.7399
     5      5      162.606     -35.9904
     6      5      9.95542     -18.3654
     7      5      8.59212     -67.3069
     8      5       6.7462     -39.5744
     9      5            0            0
     0      6      18.7175     -55.1407
     1      6      33.3362     -34.8599
     2      6     0.414877     -24.2377
     3      6      35.4927      -65.198
     4      6      11.6018     -66.5114
     5      6      1.36735     -53.5186
     6      6        183.5     -50.2247
     7      6      33.9225     -4.51402
     8      6      10.7844     -47.1873
     9      6      60.3359     -11.7604
     0      7            0            0
     1      7      4.82084     -33.7917
     2      7      20.4411     -69.4896
     3      7       3.5532     -65.2431
     4      7      38.4533     -4.89101
     5      7      31.7067     -9.86363
     6      7      15.2395     -34.9106
     7      7      109.833     -40.0575
     8      7            0            0
     9      7      32.3523     -3.64556
     0      8      26.4241     -32.3664
     1      8      28.7729     -4.94132
     2      8      8.74985     -48.4649
     3      8      27.0252      -100.23
     4      8      0.26775     -28.0814
     5      8      34.5851     -1.57163
     6      8      28.7118     -22.4927
     7      8            0            0
     8      8      150.711     -43.2692
     9      8      23.2806     -40.3359
     0      9      28.1524     -36.6185
     1      9       20.604     -15.0078
     2      9       7.6676     -7.42473
     3      9      54.3135     -38.7868
     4      9      3.63921     -12.8915
     5      9            0            0
     6      9      13.5308     -98.4468
     7      9      10.7172     -34.3992
     8      9       30.637     -27.6145
     9      9      125.967     -41.0178
