 0 1 2 3 4 5 6 7 8 9
 2 3 1 5 7 8 0 4 9 6
 3 4 2 0 8 9 1 5 6 7
 3 9 7 6 1 0 5 4 2 8
 8 9 0 3 1 2 7 5 4 6
 4 5 0 1 6 7 3 9 8 2
 6 8 2 3 9 0 7 5 1 4
 3 4 0 9 6 8 2 7 5 1
 5 8 3 6 0 4 7 2 9 1
 2 3 5 4 7 0 6 1 9 8
 125 125 125 125 125 125 125 125 125 125
 5 20 14 16 11 4 17 8 19 18 24 12 15 2 7 62 55 6 21 52 9 0 10 3 22 13 65 61 58 71 54 74 63 67 69 56 64 60 53 23 1 66 51 59 70 68 105 72 120 57 107 109 113 119 104 124 121 73 114 50 115 108 112 106 174 103 116 111 117 118 101 102 207 100 110 161 122 154 151 166 168 173 158 155 150 153 169 123 222 170 165 171 156 202 160 208 219 167 164 216 162 159 210 212 205 172 221 213 152 157 211 218 220 224 206 163 217 215 223 214 204 203 209 200 201 0 0 0 0 0 0 0 0 0 0 0 0 0 0 0 0 0 0 0 0 0 0 0 0 0 0 0 0 0 0 0 0 0 0 0 0 0 0 0 0 0 0 0 0 0 0 0 0 0 0 0 0 0 0 0 0 0 0 0 0 0 0 0 0 0 0 0 0 0 0 0 0 0 0 0 0 0 0 0 0 0 0 0 0 0 0 0 0 0 0 0 0 0 0 0 0 0 0 0 0 0 0 0 0 0 0 0 0 0 0 0 0 0 0 0 0 0 0 0 0 0 0 0 0 0 0 0 0 0 0 0 0 0 0 0 0 0 0 0 0 0 0 0 0 0 0 0 0 0 0 0 0 0 0 0 0 0 0 0 0 0 0 0 0 0 0 0 0 0 0 0 0 0 0 0 0 0 0 0 0 0 0 0 0 0 0 0 0 0 0 0 0 0 0 0 0 0 0 0 0 0 0 0 0 0 0 0 0 0 0 0 0 0 0 0 0 0 0 0 0 0 0 0 0 0 0 0 0 0 0 0 0 0 0 0 0 0 0 0 0 0 0 0 0 0 0 0 0 0 0 0 0 0 0 0 0 0 0 0 0 0 0 0 0 0 0 0 0 0 0 0 0 0 0 0 0 0 0 0 0 0 0 0 0 0 0 0 0 0 0 0 0 0 0 0 0 0 0 0 0 0 0 0 0 0 0 0 0 0 0 0 0 0 0 0 0 0 0 0 0 0 0 0 0 0 0 0 0 0 0 0 0 0 0 0 0 0 0 0 0 0 0 0 0 0 0 0 0 0 0 0 0 0 0 0 0 0 0 0 0 0 0 0 0 0 0 0 0 0 0 0 0 0 0 0
 146 135 133 140 114 145 113 137 104 125 118 134 159 143 116 128 151 109 120 124 160 168 150 136 153 141 100 106 107 167 121 170 189 195 182 185 166 192 172 105 156 180 97 198 87 157 187 71 177 199 80 65 171 76 164 196 73 66 94 58 70 53 69 74 83 68 277 91 96 90 63 264 287 56 50 298 257 299 57 93 265 293 255 253 262 266 55 274 289 294 280 258 283 297 282 256 278 380 370 399 373 350 392 394 382 285 383 267 384 292 357 390 396 388 358 369 376 360 366 364 362 398 372 377 397 0 0 0 0 0 0 0 0 0 0 0 0 0 0 0 0 0 0 0 0 0 0 0 0 0 0 0 0 0 0 0 0 0 0 0 0 0 0 0 0 0 0 0 0 0 0 0 0 0 0 0 0 0 0 0 0 0 0 0 0 0 0 0 0 0 0 0 0 0 0 0 0 0 0 0 0 0 0 0 0 0 0 0 0 0 0 0 0 0 0 0 0 0 0 0 0 0 0 0 0 0 0 0 0 0 0 0 0 0 0 0 0 0 0 0 0 0 0 0 0 0 0 0 0 0 0 0 0 0 0 0 0 0 0 0 0 0 0 0 0 0 0 0 0 0 0 0 0 0 0 0 0 0 0 0 0 0 0 0 0 0 0 0 0 0 0 0 0 0 0 0 0 0 0 0 0 0 0 0 0 0 0 0 0 0 0 0 0 0 0 0 0 0 0 0 0 0 0 0 0 0 0 0 0 0 0 0 0 0 0 0 0 0 0 0 0 0 0 0 0 0 0 0 0 0 0 0 0 0 0 0 0 0 0 0 0 0 0 0 0 0 0 0 0 0 0 0 0 0 0 0 0 0 0 0 0 0 0 0 0 0 0 0 0 0 0 0 0 0 0 0 0 0 0 0 0 0 0 0 0 0 0 0 0 0 0 0 0 0 0 0 0 0 0 0 0 0 0 0 0 0 0 0 0 0 0 0 0 0 0 0 0 0 0 0 0 0 0 0 0 0 0 0 0 0 0 0 0 0 0 0 0 0 0 0 0 0 0 0 0 0 0 0 0 0 0 0 0 0 0 0 0 0 0 0 0 0 0 0 0 0 0 0 0 0 0 0 0 0 0 0 0 0 0 0
 152 179 192 150 183 198 194 151 173 170 163 160 167 158 169 188 232 244 155 157 178 200 206 199 247 180 190 153 248 186 118 249 176 222 233 226 246 235 205 237 212 228 221 227 111 231 214 146 225 202 201 128 126 129 236 140 203 131 136 143 127 149 103 123 133 1 105 110 119 48 122 13 19 46 100 45 115 101 137 40 28 415 43 107 14 147 21 12 27 35 410 404 7 23 49 33 36 25 32 24 416 22 10 405 42 438 409 406 402 400 435 420 434 407 418 408 441 445 412 436 417 422 419 424 442 0 0 0 0 0 0 0 0 0 0 0 0 0 0 0 0 0 0 0 0 0 0 0 0 0 0 0 0 0 0 0 0 0 0 0 0 0 0 0 0 0 0 0 0 0 0 0 0 0 0 0 0 0 0 0 0 0 0 0 0 0 0 0 0 0 0 0 0 0 0 0 0 0 0 0 0 0 0 0 0 0 0 0 0 0 0 0 0 0 0 0 0 0 0 0 0 0 0 0 0 0 0 0 0 0 0 0 0 0 0 0 0 0 0 0 0 0 0 0 0 0 0 0 0 0 0 0 0 0 0 0 0 0 0 0 0 0 0 0 0 0 0 0 0 0 0 0 0 0 0 0 0 0 0 0 0 0 0 0 0 0 0 0 0 0 0 0 0 0 0 0 0 0 0 0 0 0 0 0 0 0 0 0 0 0 0 0 0 0 0 0 0 0 0 0 0 0 0 0 0 0 0 0 0 0 0 0 0 0 0 0 0 0 0 0 0 0 0 0 0 0 0 0 0 0 0 0 0 0 0 0 0 0 0 0 0 0 0 0 0 0 0 0 0 0 0 0 0 0 0 0 0 0 0 0 0 0 0 0 0 0 0 0 0 0 0 0 0 0 0 0 0 0 0 0 0 0 0 0 0 0 0 0 0 0 0 0 0 0 0 0 0 0 0 0 0 0 0 0 0 0 0 0 0 0 0 0 0 0 0 0 0 0 0 0 0 0 0 0 0 0 0 0 0 0 0 0 0 0 0 0 0 0 0 0 0 0 0 0 0 0 0 0 0 0 0 0 0 0 0 0 0 0 0 0 0 0 0 0 0 0 0 0 0 0 0 0 0 0 0 0 0 0 0 0
 176 163 199 166 181 177 188 180 190 189 173 179 160 153 159 494 191 192 461 152 497 168 493 458 174 455 164 183 470 157 465 158 473 480 452 151 476 396 454 498 472 495 453 368 489 460 475 459 488 374 359 478 382 378 367 379 366 357 372 391 490 365 479 388 356 325 339 312 358 395 353 346 389 324 345 313 354 371 370 336 318 377 323 304 347 321 328 315 310 341 52 338 55 337 300 351 303 90 332 53 95 386 301 342 311 97 86 68 69 58 73 60 85 59 57 80 91 70 74 67 65 51 89 64 82 0 0 0 0 0 0 0 0 0 0 0 0 0 0 0 0 0 0 0 0 0 0 0 0 0 0 0 0 0 0 0 0 0 0 0 0 0 0 0 0 0 0 0 0 0 0 0 0 0 0 0 0 0 0 0 0 0 0 0 0 0 0 0 0 0 0 0 0 0 0 0 0 0 0 0 0 0 0 0 0 0 0 0 0 0 0 0 0 0 0 0 0 0 0 0 0 0 0 0 0 0 0 0 0 0 0 0 0 0 0 0 0 0 0 0 0 0 0 0 0 0 0 0 0 0 0 0 0 0 0 0 0 0 0 0 0 0 0 0 0 0 0 0 0 0 0 0 0 0 0 0 0 0 0 0 0 0 0 0 0 0 0 0 0 0 0 0 0 0 0 0 0 0 0 0 0 0 0 0 0 0 0 0 0 0 0 0 0 0 0 0 0 0 0 0 0 0 0 0 0 0 0 0 0 0 0 0 0 0 0 0 0 0 0 0 0 0 0 0 0 0 0 0 0 0 0 0 0 0 0 0 0 0 0 0 0 0 0 0 0 0 0 0 0 0 0 0 0 0 0 0 0 0 0 0 0 0 0 0 0 0 0 0 0 0 0 0 0 0 0 0 0 0 0 0 0 0 0 0 0 0 0 0 0 0 0 0 0 0 0 0 0 0 0 0 0 0 0 0 0 0 0 0 0 0 0 0 0 0 0 0 0 0 0 0 0 0 0 0 0 0 0 0 0 0 0 0 0 0 0 0 0 0 0 0 0 0 0 0 0 0 0 0 0 0 0 0 0 0 0 0 0 0 0 0 0 0 0 0 0 0 0 0 0 0 0 0 0 0 0 0 0 0 0 0
 408 424 401 462 405 428 422 494 441 430 406 429 454 473 410 426 407 434 433 485 450 404 413 437 455 425 480 414 469 400 459 446 449 481 453 491 496 427 464 487 465 490 495 476 493 498 435 461 16 14 472 8 486 9 28 11 46 19 2 23 17 191 36 22 35 18 10 34 161 24 42 182 31 174 25 152 7 183 6 49 163 184 181 154 168 195 180 74 164 85 150 193 71 197 157 88 1 158 159 186 81 60 64 90 199 167 190 77 78 92 69 53 95 172 65 91 62 57 83 96 86 63 56 87 89 0 0 0 0 0 0 0 0 0 0 0 0 0 0 0 0 0 0 0 0 0 0 0 0 0 0 0 0 0 0 0 0 0 0 0 0 0 0 0 0 0 0 0 0 0 0 0 0 0 0 0 0 0 0 0 0 0 0 0 0 0 0 0 0 0 0 0 0 0 0 0 0 0 0 0 0 0 0 0 0 0 0 0 0 0 0 0 0 0 0 0 0 0 0 0 0 0 0 0 0 0 0 0 0 0 0 0 0 0 0 0 0 0 0 0 0 0 0 0 0 0 0 0 0 0 0 0 0 0 0 0 0 0 0 0 0 0 0 0 0 0 0 0 0 0 0 0 0 0 0 0 0 0 0 0 0 0 0 0 0 0 0 0 0 0 0 0 0 0 0 0 0 0 0 0 0 0 0 0 0 0 0 0 0 0 0 0 0 0 0 0 0 0 0 0 0 0 0 0 0 0 0 0 0 0 0 0 0 0 0 0 0 0 0 0 0 0 0 0 0 0 0 0 0 0 0 0 0 0 0 0 0 0 0 0 0 0 0 0 0 0 0 0 0 0 0 0 0 0 0 0 0 0 0 0 0 0 0 0 0 0 0 0 0 0 0 0 0 0 0 0 0 0 0 0 0 0 0 0 0 0 0 0 0 0 0 0 0 0 0 0 0 0 0 0 0 0 0 0 0 0 0 0 0 0 0 0 0 0 0 0 0 0 0 0 0 0 0 0 0 0 0 0 0 0 0 0 0 0 0 0 0 0 0 0 0 0 0 0 0 0 0 0 0 0 0 0 0 0 0 0 0 0 0 0 0 0 0 0 0 0 0 0 0 0 0 0 0 0 0 0 0 0 0 0
 203 232 200 243 247 219 205 229 204 215 206 213 288 226 234 209 231 202 246 236 282 212 268 242 214 223 245 299 258 210 285 264 291 0 253 257 294 276 290 274 255 254 296 18 265 4 284 252 286 295 49 39 262 293 7 1 32 45 292 2 11 35 33 42 15 68 8 27 94 57 5 23 60 58 26 10 24 47 61 97 85 31 324 82 98 78 87 95 99 73 63 90 92 16 89 53 346 50 330 80 314 313 336 84 96 345 321 83 332 334 305 347 333 320 329 302 308 326 343 304 323 327 341 315 301 0 0 0 0 0 0 0 0 0 0 0 0 0 0 0 0 0 0 0 0 0 0 0 0 0 0 0 0 0 0 0 0 0 0 0 0 0 0 0 0 0 0 0 0 0 0 0 0 0 0 0 0 0 0 0 0 0 0 0 0 0 0 0 0 0 0 0 0 0 0 0 0 0 0 0 0 0 0 0 0 0 0 0 0 0 0 0 0 0 0 0 0 0 0 0 0 0 0 0 0 0 0 0 0 0 0 0 0 0 0 0 0 0 0 0 0 0 0 0 0 0 0 0 0 0 0 0 0 0 0 0 0 0 0 0 0 0 0 0 0 0 0 0 0 0 0 0 0 0 0 0 0 0 0 0 0 0 0 0 0 0 0 0 0 0 0 0 0 0 0 0 0 0 0 0 0 0 0 0 0 0 0 0 0 0 0 0 0 0 0 0 0 0 0 0 0 0 0 0 0 0 0 0 0 0 0 0 0 0 0 0 0 0 0 0 0 0 0 0 0 0 0 0 0 0 0 0 0 0 0 0 0 0 0 0 0 0 0 0 0 0 0 0 0 0 0 0 0 0 0 0 0 0 0 0 0 0 0 0 0 0 0 0 0 0 0 0 0 0 0 0 0 0 0 0 0 0 0 0 0 0 0 0 0 0 0 0 0 0 0 0 0 0 0 0 0 0 0 0 0 0 0 0 0 0 0 0 0 0 0 0 0 0 0 0 0 0 0 0 0 0 0 0 0 0 0 0 0 0 0 0 0 0 0 0 0 0 0 0 0 0 0 0 0 0 0 0 0 0 0 0 0 0 0 0 0 0 0 0 0 0 0 0 0 0 0 0 0 0 0 0 0 0 0 0
 319 310 348 347 333 339 327 306 329 308 305 328 313 411 322 345 344 332 303 307 431 447 437 300 315 338 428 323 416 337 403 406 446 346 449 425 433 408 440 438 434 413 426 412 445 430 125 439 415 148 404 146 120 432 133 128 113 145 103 143 115 100 161 121 193 101 109 124 111 141 137 127 152 166 196 149 169 114 105 153 192 159 187 458 126 160 154 175 183 185 494 467 165 182 476 151 173 186 172 468 490 496 129 188 163 150 489 487 460 495 470 472 198 454 459 461 493 482 484 477 478 473 491 453 480 0 0 0 0 0 0 0 0 0 0 0 0 0 0 0 0 0 0 0 0 0 0 0 0 0 0 0 0 0 0 0 0 0 0 0 0 0 0 0 0 0 0 0 0 0 0 0 0 0 0 0 0 0 0 0 0 0 0 0 0 0 0 0 0 0 0 0 0 0 0 0 0 0 0 0 0 0 0 0 0 0 0 0 0 0 0 0 0 0 0 0 0 0 0 0 0 0 0 0 0 0 0 0 0 0 0 0 0 0 0 0 0 0 0 0 0 0 0 0 0 0 0 0 0 0 0 0 0 0 0 0 0 0 0 0 0 0 0 0 0 0 0 0 0 0 0 0 0 0 0 0 0 0 0 0 0 0 0 0 0 0 0 0 0 0 0 0 0 0 0 0 0 0 0 0 0 0 0 0 0 0 0 0 0 0 0 0 0 0 0 0 0 0 0 0 0 0 0 0 0 0 0 0 0 0 0 0 0 0 0 0 0 0 0 0 0 0 0 0 0 0 0 0 0 0 0 0 0 0 0 0 0 0 0 0 0 0 0 0 0 0 0 0 0 0 0 0 0 0 0 0 0 0 0 0 0 0 0 0 0 0 0 0 0 0 0 0 0 0 0 0 0 0 0 0 0 0 0 0 0 0 0 0 0 0 0 0 0 0 0 0 0 0 0 0 0 0 0 0 0 0 0 0 0 0 0 0 0 0 0 0 0 0 0 0 0 0 0 0 0 0 0 0 0 0 0 0 0 0 0 0 0 0 0 0 0 0 0 0 0 0 0 0 0 0 0 0 0 0 0 0 0 0 0 0 0 0 0 0 0 0 0 0 0 0 0 0 0 0 0 0 0 0 0 0
 158 153 196 177 181 238 154 150 155 175 206 189 227 164 157 187 152 172 161 247 160 162 217 190 170 235 179 167 218 173 234 156 183 223 248 245 203 226 201 219 249 246 221 222 212 40 202 42 236 242 33 46 37 39 9 25 225 21 205 27 34 0 5 499 470 497 8 13 20 457 10 4 28 35 17 38 493 469 479 31 452 490 459 467 48 498 485 475 480 487 489 491 22 310 347 460 496 455 450 458 309 341 307 328 477 349 454 319 336 317 339 322 312 327 305 320 313 301 335 308 321 342 345 302 343 0 0 0 0 0 0 0 0 0 0 0 0 0 0 0 0 0 0 0 0 0 0 0 0 0 0 0 0 0 0 0 0 0 0 0 0 0 0 0 0 0 0 0 0 0 0 0 0 0 0 0 0 0 0 0 0 0 0 0 0 0 0 0 0 0 0 0 0 0 0 0 0 0 0 0 0 0 0 0 0 0 0 0 0 0 0 0 0 0 0 0 0 0 0 0 0 0 0 0 0 0 0 0 0 0 0 0 0 0 0 0 0 0 0 0 0 0 0 0 0 0 0 0 0 0 0 0 0 0 0 0 0 0 0 0 0 0 0 0 0 0 0 0 0 0 0 0 0 0 0 0 0 0 0 0 0 0 0 0 0 0 0 0 0 0 0 0 0 0 0 0 0 0 0 0 0 0 0 0 0 0 0 0 0 0 0 0 0 0 0 0 0 0 0 0 0 0 0 0 0 0 0 0 0 0 0 0 0 0 0 0 0 0 0 0 0 0 0 0 0 0 0 0 0 0 0 0 0 0 0 0 0 0 0 0 0 0 0 0 0 0 0 0 0 0 0 0 0 0 0 0 0 0 0 0 0 0 0 0 0 0 0 0 0 0 0 0 0 0 0 0 0 0 0 0 0 0 0 0 0 0 0 0 0 0 0 0 0 0 0 0 0 0 0 0 0 0 0 0 0 0 0 0 0 0 0 0 0 0 0 0 0 0 0 0 0 0 0 0 0 0 0 0 0 0 0 0 0 0 0 0 0 0 0 0 0 0 0 0 0 0 0 0 0 0 0 0 0 0 0 0 0 0 0 0 0 0 0 0 0 0 0 0 0 0 0 0 0 0 0 0 0 0 0 0
 264 285 256 297 252 291 275 280 259 283 254 258 288 251 296 270 279 445 295 265 289 402 298 439 281 294 299 409 425 406 428 431 440 284 435 432 447 411 407 420 437 417 438 174 186 403 436 418 170 433 155 168 434 424 171 192 173 419 161 194 191 189 193 167 172 336 160 153 188 169 323 306 187 152 197 300 329 310 342 314 165 199 312 23 313 301 322 346 307 4 159 309 334 337 343 302 32 315 324 308 320 7 18 31 49 19 34 2 344 22 29 9 349 21 0 15 30 33 38 27 36 13 26 42 24 0 0 0 0 0 0 0 0 0 0 0 0 0 0 0 0 0 0 0 0 0 0 0 0 0 0 0 0 0 0 0 0 0 0 0 0 0 0 0 0 0 0 0 0 0 0 0 0 0 0 0 0 0 0 0 0 0 0 0 0 0 0 0 0 0 0 0 0 0 0 0 0 0 0 0 0 0 0 0 0 0 0 0 0 0 0 0 0 0 0 0 0 0 0 0 0 0 0 0 0 0 0 0 0 0 0 0 0 0 0 0 0 0 0 0 0 0 0 0 0 0 0 0 0 0 0 0 0 0 0 0 0 0 0 0 0 0 0 0 0 0 0 0 0 0 0 0 0 0 0 0 0 0 0 0 0 0 0 0 0 0 0 0 0 0 0 0 0 0 0 0 0 0 0 0 0 0 0 0 0 0 0 0 0 0 0 0 0 0 0 0 0 0 0 0 0 0 0 0 0 0 0 0 0 0 0 0 0 0 0 0 0 0 0 0 0 0 0 0 0 0 0 0 0 0 0 0 0 0 0 0 0 0 0 0 0 0 0 0 0 0 0 0 0 0 0 0 0 0 0 0 0 0 0 0 0 0 0 0 0 0 0 0 0 0 0 0 0 0 0 0 0 0 0 0 0 0 0 0 0 0 0 0 0 0 0 0 0 0 0 0 0 0 0 0 0 0 0 0 0 0 0 0 0 0 0 0 0 0 0 0 0 0 0 0 0 0 0 0 0 0 0 0 0 0 0 0 0 0 0 0 0 0 0 0 0 0 0 0 0 0 0 0 0 0 0 0 0 0 0 0 0 0 0 0 0 0 0 0 0 0 0 0 0 0 0 0 0 0 0 0 0 0 0 0
 149 100 114 105 127 107 119 117 133 120 104 115 128 102 121 148 135 101 146 116 162 124 194 147 139 134 184 172 167 154 165 156 126 160 157 177 174 183 189 186 296 152 191 158 181 285 273 171 289 178 182 188 179 262 255 272 198 280 268 281 275 358 284 290 298 231 234 277 252 253 236 283 295 258 225 293 235 270 279 299 211 243 216 249 242 265 244 228 210 240 379 208 204 223 374 399 229 213 356 200 362 368 389 371 390 398 232 214 360 221 207 381 384 246 380 387 388 367 373 376 353 393 391 397 365 0 0 0 0 0 0 0 0 0 0 0 0 0 0 0 0 0 0 0 0 0 0 0 0 0 0 0 0 0 0 0 0 0 0 0 0 0 0 0 0 0 0 0 0 0 0 0 0 0 0 0 0 0 0 0 0 0 0 0 0 0 0 0 0 0 0 0 0 0 0 0 0 0 0 0 0 0 0 0 0 0 0 0 0 0 0 0 0 0 0 0 0 0 0 0 0 0 0 0 0 0 0 0 0 0 0 0 0 0 0 0 0 0 0 0 0 0 0 0 0 0 0 0 0 0 0 0 0 0 0 0 0 0 0 0 0 0 0 0 0 0 0 0 0 0 0 0 0 0 0 0 0 0 0 0 0 0 0 0 0 0 0 0 0 0 0 0 0 0 0 0 0 0 0 0 0 0 0 0 0 0 0 0 0 0 0 0 0 0 0 0 0 0 0 0 0 0 0 0 0 0 0 0 0 0 0 0 0 0 0 0 0 0 0 0 0 0 0 0 0 0 0 0 0 0 0 0 0 0 0 0 0 0 0 0 0 0 0 0 0 0 0 0 0 0 0 0 0 0 0 0 0 0 0 0 0 0 0 0 0 0 0 0 0 0 0 0 0 0 0 0 0 0 0 0 0 0 0 0 0 0 0 0 0 0 0 0 0 0 0 0 0 0 0 0 0 0 0 0 0 0 0 0 0 0 0 0 0 0 0 0 0 0 0 0 0 0 0 0 0 0 0 0 0 0 0 0 0 0 0 0 0 0 0 0 0 0 0 0 0 0 0 0 0 0 0 0 0 0 0 0 0 0 0 0 0 0 0 0 0 0 0 0 0 0 0 0 0 0 0 0 0 0 0 0
 -0.697141 -0.529201 -0.438815 -0.358199 -0.325575 -0.128355 0.0314458 0.22014 0.322016 0.370331 0.440642 0.556614 0.566928 0.630157 0.776212 0.798144 0.900157 0.906599 0.940683 0.951382 0.997577 1.01982 1.0545 1.16277 1.20023 1.21974 1.25314 1.31997 1.32781 1.33256 1.40243 1.62698 1.7074 1.74508 1.76104 1.77534 1.89652 1.95198 1.96277 1.98037 2.11345 2.20355 2.22644 2.23434 2.36571 2.50742 2.52703 2.5568 2.56611 2.63622 2.65941 2.66209 2.6628 2.71947 2.74757 2.81778 2.91114 2.91737 2.96515 2.99998 3.00172 3.06177 3.06191 3.1355 3.17454 3.19727 3.2599 3.277 3.32186 3.46337 3.49336 3.51884 3.56907 3.75742 3.78743 3.82509 3.84656 3.94209 4.02803 4.03814 4.04254 4.14945 4.19356 4.27465 4.32835 4.35018 4.3611 4.44247 4.45674 4.47406 4.53463 4.53471 4.61018 4.6372 4.63947 4.66825 4.71068 4.75486 4.83023 4.84323 5.02307 5.04999 5.06374 5.07217 5.08493 5.12337 5.20532 5.36008 5.41572 5.41867 5.44674 5.45442 5.47612 5.50569 5.54818 5.64899 5.75656 5.80111 5.88814 5.90961 6.07203 6.16964 6.22562 6.23958 6.95534 0 0 0 0 0 0 0 0 0 0 0 0 0 0 0 0 0 0 0 0 0 0 0 0 0 0 0 0 0 0 0 0 0 0 0 0 0 0 0 0 0 0 0 0 0 0 0 0 0 0 0 0 0 0 0 0 0 0 0 0 0 0 0 0 0 0 0 0 0 0 0 0 0 0 0 0 0 0 0 0 0 0 0 0 0 0 0 0 0 0 0 0 0 0 0 0 0 0 0 0 0 0 0 0 0 0 0 0 0 0 0 0 0 0 0 0 0 0 0 0 0 0 0 0 0 0 0 0 0 0 0 0 0 0 0 0 0 0 0 0 0 0 0 0 0 0 0 0 0 0 0 0 0 0 0 0 0 0 0 0 0 0 0 0 0 0 0 0 0 0 0 0 0 0 0 0 0 0 0 0 0 0 0 0 0 0 0 0 0 0 0 0 0 0 0 0 0 0 0 0 0 0 0 0 0 0 0 0 0 0 0 0 0 0 0 0 0 0 0 0 0 0 0 0 0 0 0 0 0 0 0 0 0 0 0 0 0 0 0 0 0 0 0 0 0 0 0 0 0 0 0 0 0 0 0 0 0 0 0 0 0 0 0 0 0 0 0 0 0 0 0 0 0 0 0 0 0 0 0 0 0 0 0 0 0 0 0 0 0 0 0 0 0 0 0 0 0 0 0 0 0 0 0 0 0 0 0 0 0 0 0 0 0 0 0 0 0 0 0 0 0 0 0 0 0 0 0 0 0 0 0 0 0 0 0 0 0 0 0 0 0 0 0 0 0 0 0 0 0 0 0 0 0 0 0 0 0 0 0 0 0 0 0 0 0 0 0 0 0 0 0 0 0 0 0
 -0.825175 -0.414723 -0.258803 -0.00742296 0.200808 0.25155 0.267021 0.390069 0.417826 0.431806 0.449435 0.465673 0.475368 0.537263 0.557064 0.603036 0.705757 0.840732 0.856097 0.895837 0.945446 1.03233 1.07344 1.07786 1.12816 1.16706 1.17007 1.19324 1.23601 1.25017 1.25945 1.36299 1.42055 1.43359 1.48737 1.61028 1.63285 1.66513 1.8221 1.82829 1.92948 1.93949 1.95066 2.06238 2.10754 2.15441 2.18286 2.21486 2.22546 2.22626 2.40559 2.45195 2.48186 2.53145 2.54355 2.78001 2.97197 3.04013 3.05444 3.23405 3.24407 3.25863 3.26703 3.27835 3.3214 3.34738 3.39523 3.47147 3.48031 3.50482 3.56764 3.7961 3.86179 3.86351 3.89703 3.9104 3.93481 3.98122 3.98273 3.99275 4.01818 4.04034 4.06251 4.14336 4.159 4.30503 4.30809 4.33189 4.38092 4.38438 4.39749 4.41709 4.43422 4.44766 4.48853 4.50448 4.5582 4.56291 4.94904 4.95061 5.08571 5.14596 5.22362 5.25475 5.26297 5.26402 5.35069 5.38599 5.40907 5.48351 5.55698 5.63378 5.72068 5.7682 5.79381 5.82447 6.06917 6.08252 6.19543 6.34568 6.46161 6.53059 6.6394 6.85554 7.02715 0 0 0 0 0 0 0 0 0 0 0 0 0 0 0 0 0 0 0 0 0 0 0 0 0 0 0 0 0 0 0 0 0 0 0 0 0 0 0 0 0 0 0 0 0 0 0 0 0 0 0 0 0 0 0 0 0 0 0 0 0 0 0 0 0 0 0 0 0 0 0 0 0 0 0 0 0 0 0 0 0 0 0 0 0 0 0 0 0 0 0 0 0 0 0 0 0 0 0 0 0 0 0 0 0 0 0 0 0 0 0 0 0 0 0 0 0 0 0 0 0 0 0 0 0 0 0 0 0 0 0 0 0 0 0 0 0 0 0 0 0 0 0 0 0 0 0 0 0 0 0 0 0 0 0 0 0 0 0 0 0 0 0 0 0 0 0 0 0 0 0 0 0 0 0 0 0 0 0 0 0 0 0 0 0 0 0 0 0 0 0 0 0 0 0 0 0 0 0 0 0 0 0 0 0 0 0 0 0 0 0 0 0 0 0 0 0 0 0 0 0 0 0 0 0 0 0 0 0 0 0 0 0 0 0 0 0 0 0 0 0 0 0 0 0 0 0 0 0 0 0 0 0 0 0 0 0 0 0 0 0 0 0 0 0 0 0 0 0 0 0 0 0 0 0 0 0 0 0 0 0 0 0 0 0 0 0 0 0 0 0 0 0 0 0 0 0 0 0 0 0 0 0 0 0 0 0 0 0 0 0 0 0 0 0 0 0 0 0 0 0 0 0 0 0 0 0 0 0 0 0 0 0 0 0 0 0 0 0 0 0 0 0 0 0 0 0 0 0 0 0 0 0 0 0 0 0 0 0 0 0 0 0 0 0 0 0 0 0 0 0 0 0 0 0
 -0.561815 -0.462779 -0.373192 -0.372161 -0.30033 -0.299475 -0.197418 -0.147825 -0.0704631 -0.0402137 0.089815 0.350306 0.397014 0.464466 0.520223 0.542613 0.699236 0.717854 0.745224 0.853933 0.971034 1.04782 1.10112 1.13991 1.15714 1.15799 1.26688 1.33886 1.3758 1.43494 1.55006 1.55877 1.60305 1.60732 1.68401 1.74977 1.77756 1.86724 2.00572 2.04572 2.05493 2.07506 2.14841 2.14907 2.18502 2.24505 2.40737 2.48857 2.62116 2.63994 2.68668 2.71053 2.71784 2.74222 2.75182 2.89716 2.89895 2.90686 2.94677 3.02924 3.02966 3.08588 3.10835 3.14077 3.20581 3.31873 3.32153 3.32979 3.52257 3.59128 3.74579 3.76753 3.82163 3.91602 3.92606 4.08149 4.12115 4.20565 4.22041 4.24541 4.25627 4.30073 4.32176 4.32873 4.3659 4.48161 4.49922 4.50146 4.57 4.57441 4.60432 4.66488 4.70627 4.74123 4.76599 4.78815 4.80065 4.83497 4.85886 4.92755 4.94571 5.03237 5.09042 5.22896 5.287 5.48775 5.51536 5.58173 5.59026 5.63185 5.69296 5.72194 5.78091 5.81334 5.83261 5.86957 5.94997 5.9757 6.20483 6.23798 6.3916 6.45544 6.47715 6.72712 6.89752 0 0 0 0 0 0 0 0 0 0 0 0 0 0 0 0 0 0 0 0 0 0 0 0 0 0 0 0 0 0 0 0 0 0 0 0 0 0 0 0 0 0 0 0 0 0 0 0 0 0 0 0 0 0 0 0 0 0 0 0 0 0 0 0 0 0 0 0 0 0 0 0 0 0 0 0 0 0 0 0 0 0 0 0 0 0 0 0 0 0 0 0 0 0 0 0 0 0 0 0 0 0 0 0 0 0 0 0 0 0 0 0 0 0 0 0 0 0 0 0 0 0 0 0 0 0 0 0 0 0 0 0 0 0 0 0 0 0 0 0 0 0 0 0 0 0 0 0 0 0 0 0 0 0 0 0 0 0 0 0 0 0 0 0 0 0 0 0 0 0 0 0 0 0 0 0 0 0 0 0 0 0 0 0 0 0 0 0 0 0 0 0 0 0 0 0 0 0 0 0 0 0 0 0 0 0 0 0 0 0 0 0 0 0 0 0 0 0 0 0 0 0 0 0 0 0 0 0 0 0 0 0 0 0 0 0 0 0 0 0 0 0 0 0 0 0 0 0 0 0 0 0 0 0 0 0 0 0 0 0 0 0 0 0 0 0 0 0 0 0 0 0 0 0 0 0 0 0 0 0 0 0 0 0 0 0 0 0 0 0 0 0 0 0 0 0 0 0 0 0 0 0 0 0 0 0 0 0 0 0 0 0 0 0 0 0 0 0 0 0 0 0 0 0 0 0 0 0 0 0 0 0 0 0 0 0 0 0 0 0 0 0 0 0 0 0 0 0 0 0 0 0 0 0 0 0 0 0 0 0 0 0 0 0 0 0 0 0 0 0 0 0 0 0 0
 -0.624765 -0.448296 -0.290678 -0.0744128 -0.0415047 -0.0370353 0.264424 0.361484 0.389221 0.400517 0.412142 0.418954 0.426475 0.477218 0.604054 0.605946 0.618845 0.621005 0.635522 0.638216 0.733768 0.733865 0.765567 0.832962 0.84675 0.94628 1.06661 1.15474 1.19248 1.27459 1.29044 1.37517 1.39602 1.41827 1.46371 1.49765 1.68307 1.84208 1.85607 1.86868 1.88261 2.00386 2.01937 2.06682 2.20164 2.27783 2.30218 2.33222 2.47744 2.53707 2.59924 2.61346 2.61757 2.65644 2.65877 2.66989 2.67596 2.68445 2.76084 2.76227 2.78125 2.78408 2.78666 3.00593 3.01468 3.19676 3.23324 3.26764 3.2935 3.294 3.36228 3.36815 3.45467 3.46864 3.51273 3.52799 3.58356 3.59573 3.70664 3.7426 3.76804 3.85424 3.86229 3.96144 4.14543 4.21907 4.2192 4.2222 4.37162 4.3839 4.39709 4.41745 4.66448 4.66805 4.6953 4.7318 4.77772 4.81822 4.89113 4.93366 4.93868 5.0041 5.01468 5.01626 5.02111 5.1516 5.15902 5.48099 5.54329 5.62398 5.73523 5.75477 5.77389 5.82024 5.82714 5.95925 6.03893 6.0418 6.10654 6.25604 6.42262 6.68233 6.6966 6.70161 6.76451 0 0 0 0 0 0 0 0 0 0 0 0 0 0 0 0 0 0 0 0 0 0 0 0 0 0 0 0 0 0 0 0 0 0 0 0 0 0 0 0 0 0 0 0 0 0 0 0 0 0 0 0 0 0 0 0 0 0 0 0 0 0 0 0 0 0 0 0 0 0 0 0 0 0 0 0 0 0 0 0 0 0 0 0 0 0 0 0 0 0 0 0 0 0 0 0 0 0 0 0 0 0 0 0 0 0 0 0 0 0 0 0 0 0 0 0 0 0 0 0 0 0 0 0 0 0 0 0 0 0 0 0 0 0 0 0 0 0 0 0 0 0 0 0 0 0 0 0 0 0 0 0 0 0 0 0 0 0 0 0 0 0 0 0 0 0 0 0 0 0 0 0 0 0 0 0 0 0 0 0 0 0 0 0 0 0 0 0 0 0 0 0 0 0 0 0 0 0 0 0 0 0 0 0 0 0 0 0 0 0 0 0 0 0 0 0 0 0 0 0 0 0 0 0 0 0 0 0 0 0 0 0 0 0 0 0 0 0 0 0 0 0 0 0 0 0 0 0 0 0 0 0 0 0 0 0 0 0 0 0 0 0 0 0 0 0 0 0 0 0 0 0 0 0 0 0 0 0 0 0 0 0 0 0 0 0 0 0 0 0 0 0 0 0 0 0 0 0 0 0 0 0 0 0 0 0 0 0 0 0 0 0 0 0 0 0 0 0 0 0 0 0 0 0 0 0 0 0 0 0 0 0 0 0 0 0 0 0 0 0 0 0 0 0 0 0 0 0 0 0 0 0 0 0 0 0 0 0 0 0 0 0 0 0 0 0 0 0 0 0 0 0 0 0 0
 -0.725247 -0.723354 -0.546161 -0.212667 -0.0216857 -0.00963082 0.0887668 0.119398 0.165167 0.187609 0.245002 0.526552 0.558545 0.638721 0.740286 0.759424 0.792581 0.793294 0.803191 0.839396 0.944204 0.94669 0.994129 1.038 1.05425 1.10137 1.17025 1.20995 1.29295 1.35607 1.38462 1.40624 1.42819 1.44358 1.52241 1.67595 1.74511 1.85315 1.91806 1.9565 2.1258 2.15101 2.15441 2.20693 2.21044 2.2734 2.29077 2.31063 2.34837 2.40963 2.41829 2.46036 2.48138 2.60258 2.72686 2.76055 2.85158 2.89601 3.06103 3.12759 3.13072 3.18272 3.19232 3.26161 3.38726 3.39836 3.46407 3.51496 3.53543 3.569 3.63788 3.65259 3.71845 3.798 3.81587 3.85522 3.87062 3.87384 3.89292 3.91143 3.95586 3.97554 3.99313 4.00905 4.19816 4.32779 4.5023 4.52244 4.57457 4.60555 4.60947 4.65399 4.70366 4.77946 4.84737 4.84744 4.85728 4.87616 4.90694 4.96437 4.98078 5.02659 5.05506 5.06887 5.10509 5.21027 5.2594 5.30513 5.35848 5.44048 5.47769 5.50811 5.59991 5.67928 5.81726 5.82002 5.90829 6.01579 6.19025 6.21646 6.3225 6.41101 6.43846 6.61044 7.14822 0 0 0 0 0 0 0 0 0 0 0 0 0 0 0 0 0 0 0 0 0 0 0 0 0 0 0 0 0 0 0 0 0 0 0 0 0 0 0 0 0 0 0 0 0 0 0 0 0 0 0 0 0 0 0 0 0 0 0 0 0 0 0 0 0 0 0 0 0 0 0 0 0 0 0 0 0 0 0 0 0 0 0 0 0 0 0 0 0 0 0 0 0 0 0 0 0 0 0 0 0 0 0 0 0 0 0 0 0 0 0 0 0 0 0 0 0 0 0 0 0 0 0 0 0 0 0 0 0 0 0 0 0 0 0 0 0 0 0 0 0 0 0 0 0 0 0 0 0 0 0 0 0 0 0 0 0 0 0 0 0 0 0 0 0 0 0 0 0 0 0 0 0 0 0 0 0 0 0 0 0 0 0 0 0 0 0 0 0 0 0 0 0 0 0 0 0 0 0 0 0 0 0 0 0 0 0 0 0 0 0 0 0 0 0 0 0 0 0 0 0 0 0 0 0 0 0 0 0 0 0 0 0 0 0 0 0 0 0 0 0 0 0 0 0 0 0 0 0 0 0 0 0 0 0 0 0 0 0 0 0 0 0 0 0 0 0 0 0 0 0 0 0 0 0 0 0 0 0 0 0 0 0 0 0 0 0 0 0 0 0 0 0 0 0 0 0 0 0 0 0 0 0 0 0 0 0 0 0 0 0 0 0 0 0 0 0 0 0 0 0 0 0 0 0 0 0 0 0 0 0 0 0 0 0 0 0 0 0 0 0 0 0 0 0 0 0 0 0 0 0 0 0 0 0 0 0 0 0 0 0 0 0 0 0 0 0 0 0 0 0 0 0 0 0
 -0.770373 -0.364285 -0.233446 -0.158269 -0.14502 -0.0650786 0.0791085 0.167621 0.210059 0.224215 0.237103 0.260606 0.273217 0.285424 0.30515 0.382135 0.393132 0.449136 0.678802 0.856162 0.923217 1.01612 1.11584 1.11736 1.15047 1.18995 1.21759 1.22243 1.2426 1.26065 1.27108 1.37593 1.47002 1.48234 1.53199 1.57326 1.81994 1.84529 1.8902 2.11181 2.20363 2.27137 2.32218 2.33049 2.33597 2.34634 2.35456 2.3705 2.40706 2.44711 2.53119 2.54007 2.63329 2.75309 2.78118 2.84823 2.96951 3.00278 3.0263 3.14275 3.20465 3.27821 3.30107 3.33519 3.33775 3.40409 3.43949 3.50486 3.5059 3.53176 3.57252 3.59343 3.62766 3.65589 3.73086 3.74859 3.79955 3.81338 3.8768 3.89161 3.89572 4.00178 4.03773 4.097 4.24242 4.25187 4.29061 4.35048 4.39165 4.45346 4.45873 4.47173 4.62022 4.65868 4.6591 4.71678 4.85424 4.85614 4.97102 5.03498 5.12074 5.183 5.23577 5.26351 5.26376 5.30097 5.30382 5.32886 5.3493 5.44546 5.50222 5.5375 5.5923 5.65794 5.68339 5.7712 5.83286 5.83533 5.88127 5.88345 6.08343 6.36288 6.45208 7.01535 7.43971 0 0 0 0 0 0 0 0 0 0 0 0 0 0 0 0 0 0 0 0 0 0 0 0 0 0 0 0 0 0 0 0 0 0 0 0 0 0 0 0 0 0 0 0 0 0 0 0 0 0 0 0 0 0 0 0 0 0 0 0 0 0 0 0 0 0 0 0 0 0 0 0 0 0 0 0 0 0 0 0 0 0 0 0 0 0 0 0 0 0 0 0 0 0 0 0 0 0 0 0 0 0 0 0 0 0 0 0 0 0 0 0 0 0 0 0 0 0 0 0 0 0 0 0 0 0 0 0 0 0 0 0 0 0 0 0 0 0 0 0 0 0 0 0 0 0 0 0 0 0 0 0 0 0 0 0 0 0 0 0 0 0 0 0 0 0 0 0 0 0 0 0 0 0 0 0 0 0 0 0 0 0 0 0 0 0 0 0 0 0 0 0 0 0 0 0 0 0 0 0 0 0 0 0 0 0 0 0 0 0 0 0 0 0 0 0 0 0 0 0 0 0 0 0 0 0 0 0 0 0 0 0 0 0 0 0 0 0 0 0 0 0 0 0 0 0 0 0 0 0 0 0 0 0 0 0 0 0 0 0 0 0 0 0 0 0 0 0 0 0 0 0 0 0 0 0 0 0 0 0 0 0 0 0 0 0 0 0 0 0 0 0 0 0 0 0 0 0 0 0 0 0 0 0 0 0 0 0 0 0 0 0 0 0 0 0 0 0 0 0 0 0 0 0 0 0 0 0 0 0 0 0 0 0 0 0 0 0 0 0 0 0 0 0 0 0 0 0 0 0 0 0 0 0 0 0 0 0 0 0 0 0 0 0 0 0 0 0 0 0 0 0 0 0 0
 -0.970277 -0.363706 -0.305437 -0.00698576 0.0827432 0.116463 0.145912 0.189429 0.241217 0.38825 0.553153 0.611599 0.650505 0.666519 0.693647 0.712681 0.802653 0.84463 0.912412 0.927925 0.987558 1.08848 1.08997 1.09999 1.18891 1.24605 1.27495 1.35608 1.42777 1.44831 1.48344 1.50823 1.54936 1.56774 1.69935 1.76435 1.76679 1.80565 1.89459 1.89509 1.99224 2.10163 2.32235 2.33781 2.35667 2.36725 2.36727 2.41413 2.42121 2.44629 2.47776 2.56339 2.72346 2.72737 2.75157 2.83964 2.85337 2.8975 2.91102 2.93928 3.07976 3.16015 3.18442 3.2053 3.36985 3.38377 3.40943 3.42603 3.43029 3.45888 3.54815 3.61598 3.70799 3.72428 3.75736 3.76096 3.89185 3.89293 3.92422 3.92855 3.94592 3.94945 3.9778 4.07675 4.09833 4.27357 4.28069 4.31646 4.33828 4.57059 4.62577 4.62856 4.65654 4.65915 4.72121 4.7588 4.78253 4.78283 4.81481 4.82179 4.8431 4.85837 4.86865 4.93532 4.98709 5.02607 5.29103 5.32451 5.43425 5.47543 5.52054 5.56288 5.635 5.65174 5.66703 5.737 5.75665 5.82316 5.8669 5.89155 6.12887 6.36959 6.3713 6.3986 6.65564 0 0 0 0 0 0 0 0 0 0 0 0 0 0 0 0 0 0 0 0 0 0 0 0 0 0 0 0 0 0 0 0 0 0 0 0 0 0 0 0 0 0 0 0 0 0 0 0 0 0 0 0 0 0 0 0 0 0 0 0 0 0 0 0 0 0 0 0 0 0 0 0 0 0 0 0 0 0 0 0 0 0 0 0 0 0 0 0 0 0 0 0 0 0 0 0 0 0 0 0 0 0 0 0 0 0 0 0 0 0 0 0 0 0 0 0 0 0 0 0 0 0 0 0 0 0 0 0 0 0 0 0 0 0 0 0 0 0 0 0 0 0 0 0 0 0 0 0 0 0 0 0 0 0 0 0 0 0 0 0 0 0 0 0 0 0 0 0 0 0 0 0 0 0 0 0 0 0 0 0 0 0 0 0 0 0 0 0 0 0 0 0 0 0 0 0 0 0 0 0 0 0 0 0 0 0 0 0 0 0 0 0 0 0 0 0 0 0 0 0 0 0 0 0 0 0 0 0 0 0 0 0 0 0 0 0 0 0 0 0 0 0 0 0 0 0 0 0 0 0 0 0 0 0 0 0 0 0 0 0 0 0 0 0 0 0 0 0 0 0 0 0 0 0 0 0 0 0 0 0 0 0 0 0 0 0 0 0 0 0 0 0 0 0 0 0 0 0 0 0 0 0 0 0 0 0 0 0 0 0 0 0 0 0 0 0 0 0 0 0 0 0 0 0 0 0 0 0 0 0 0 0 0 0 0 0 0 0 0 0 0 0 0 0 0 0 0 0 0 0 0 0 0 0 0 0 0 0 0 0 0 0 0 0 0 0 0 0 0 0 0 0 0 0 0
 -0.585627 -0.194066 -0.172146 -0.107191 -0.0431859 0.136032 0.202286 0.246783 0.365523 0.43132 0.458412 0.504769 0.529459 0.534591 0.538909 0.594303 0.602153 0.608191 0.739908 0.75776 0.897288 0.903279 0.92178 0.976385 0.9864 1.05999 1.1257 1.12884 1.13725 1.23815 1.26173 1.27079 1.27596 1.45527 1.48892 1.51289 1.53406 1.54858 1.58354 1.6635 1.82667 1.83463 1.91459 1.95208 2.03424 2.25328 2.26446 2.27785 2.2833 2.32242 2.32607 2.38302 2.44764 2.4986 2.5192 2.52031 2.53146 2.56769 2.60553 2.60679 2.68806 2.78715 2.82614 2.90623 3.04756 3.11313 3.13265 3.17512 3.2342 3.2973 3.30305 3.51073 3.5942 3.69191 3.69324 3.70619 3.79184 3.81983 3.95123 4.06524 4.09005 4.11661 4.16771 4.17665 4.19582 4.20305 4.25232 4.3876 4.42678 4.56325 4.59251 4.64093 4.65133 4.7455 4.79903 4.95054 4.9889 4.98901 5.00111 5.00548 5.04174 5.04346 5.06252 5.12692 5.16444 5.22341 5.47677 5.48364 5.50668 5.55681 5.59965 5.65684 5.66138 5.89244 5.90543 5.91963 6.07476 6.09649 6.1144 6.1886 6.22142 6.25438 6.32412 6.66473 6.77452 0 0 0 0 0 0 0 0 0 0 0 0 0 0 0 0 0 0 0 0 0 0 0 0 0 0 0 0 0 0 0 0 0 0 0 0 0 0 0 0 0 0 0 0 0 0 0 0 0 0 0 0 0 0 0 0 0 0 0 0 0 0 0 0 0 0 0 0 0 0 0 0 0 0 0 0 0 0 0 0 0 0 0 0 0 0 0 0 0 0 0 0 0 0 0 0 0 0 0 0 0 0 0 0 0 0 0 0 0 0 0 0 0 0 0 0 0 0 0 0 0 0 0 0 0 0 0 0 0 0 0 0 0 0 0 0 0 0 0 0 0 0 0 0 0 0 0 0 0 0 0 0 0 0 0 0 0 0 0 0 0 0 0 0 0 0 0 0 0 0 0 0 0 0 0 0 0 0 0 0 0 0 0 0 0 0 0 0 0 0 0 0 0 0 0 0 0 0 0 0 0 0 0 0 0 0 0 0 0 0 0 0 0 0 0 0 0 0 0 0 0 0 0 0 0 0 0 0 0 0 0 0 0 0 0 0 0 0 0 0 0 0 0 0 0 0 0 0 0 0 0 0 0 0 0 0 0 0 0 0 0 0 0 0 0 0 0 0 0 0 0 0 0 0 0 0 0 0 0 0 0 0 0 0 0 0 0 0 0 0 0 0 0 0 0 0 0 0 0 0 0 0 0 0 0 0 0 0 0 0 0 0 0 0 0 0 0 0 0 0 0 0 0 0 0 0 0 0 0 0 0 0 0 0 0 0 0 0 0 0 0 0 0 0 0 0 0 0 0 0 0 0 0 0 0 0 0 0 0 0 0 0 0 0 0 0 0 0 0 0 0 0 0 0 0
 -0.809027 -0.101213 -0.072237 -0.0367892 0.0596295 0.0891138 0.132267 0.198418 0.221276 0.247957 0.552836 0.651094 0.657858 0.769 0.843918 0.847006 0.862167 0.877504 0.915168 0.920618 0.975409 0.990036 1.05412 1.20501 1.24698 1.27073 1.29367 1.39601 1.42541 1.4741 1.53324 1.55235 1.55774 1.56305 1.61615 1.65396 1.73391 1.82753 1.86962 1.91479 1.94132 1.94217 1.97028 1.98994 2.18753 2.24667 2.30787 2.3741 2.40094 2.4018 2.45864 2.50978 2.51232 2.52746 2.63445 2.89685 2.92315 2.9507 2.9521 2.96652 2.98171 3.05098 3.06201 3.15094 3.17535 3.23395 3.23736 3.38243 3.38713 3.49148 3.54445 3.59932 3.66944 3.6913 3.9225 3.95776 3.95966 4.0096 4.04619 4.04695 4.09707 4.14894 4.20017 4.2288 4.28316 4.3069 4.4134 4.42377 4.4661 4.5276 4.57245 4.58676 4.70103 4.70324 4.76134 4.76626 4.7936 4.8457 5.01628 5.02414 5.06743 5.08134 5.1405 5.17222 5.18307 5.28392 5.30815 5.34535 5.39219 5.40683 5.43797 5.54331 5.54971 5.57229 5.58963 5.68518 5.69559 5.7037 5.82708 5.97772 5.99877 6.25927 6.34292 6.34874 7.04688 0 0 0 0 0 0 0 0 0 0 0 0 0 0 0 0 0 0 0 0 0 0 0 0 0 0 0 0 0 0 0 0 0 0 0 0 0 0 0 0 0 0 0 0 0 0 0 0 0 0 0 0 0 0 0 0 0 0 0 0 0 0 0 0 0 0 0 0 0 0 0 0 0 0 0 0 0 0 0 0 0 0 0 0 0 0 0 0 0 0 0 0 0 0 0 0 0 0 0 0 0 0 0 0 0 0 0 0 0 0 0 0 0 0 0 0 0 0 0 0 0 0 0 0 0 0 0 0 0 0 0 0 0 0 0 0 0 0 0 0 0 0 0 0 0 0 0 0 0 0 0 0 0 0 0 0 0 0 0 0 0 0 0 0 0 0 0 0 0 0 0 0 0 0 0 0 0 0 0 0 0 0 0 0 0 0 0 0 0 0 0 0 0 0 0 0 0 0 0 0 0 0 0 0 0 0 0 0 0 0 0 0 0 0 0 0 0 0 0 0 0 0 0 0 0 0 0 0 0 0 0 0 0 0 0 0 0 0 0 0 0 0 0 0 0 0 0 0 0 0 0 0 0 0 0 0 0 0 0 0 0 0 0 0 0 0 0 0 0 0 0 0 0 0 0 0 0 0 0 0 0 0 0 0 0 0 0 0 0 0 0 0 0 0 0 0 0 0 0 0 0 0 0 0 0 0 0 0 0 0 0 0 0 0 0 0 0 0 0 0 0 0 0 0 0 0 0 0 0 0 0 0 0 0 0 0 0 0 0 0 0 0 0 0 0 0 0 0 0 0 0 0 0 0 0 0 0 0 0 0 0 0 0 0 0 0 0 0 0 0 0 0 0 0 0
 -0.185627 -0.12468 -0.0291285 0.0498087 0.186304 0.251256 0.398771 0.437449 0.522646 0.605375 0.640398 0.66708 0.679361 0.783917 0.822139 0.854089 0.934544 0.943012 0.978276 1.00267 1.08541 1.09064 1.11519 1.22554 1.25759 1.33895 1.34485 1.37997 1.42051 1.51428 1.54058 1.55475 1.67794 1.68181 1.75276 1.78958 1.83459 1.94023 1.9993 2.10199 2.27896 2.28771 2.35378 2.45099 2.46244 2.4655 2.54269 2.5934 2.60751 2.66565 2.69536 2.72349 2.72858 2.73641 2.93913 3.04558 3.0534 3.2339 3.25372 3.2716 3.27237 3.27334 3.29241 3.30148 3.32024 3.38635 3.42359 3.5088 3.50969 3.5417 3.54489 3.58016 3.58444 3.59619 3.84388 3.93524 4.0241 4.04407 4.0637 4.21287 4.26523 4.29319 4.34393 4.40225 4.44925 4.51878 4.61603 4.6163 4.62016 4.63319 4.72517 4.72703 4.76294 4.7637 4.78493 4.87068 4.90584 4.92006 5.00798 5.0871 5.1567 5.16472 5.19516 5.25903 5.3876 5.39654 5.42223 5.48305 5.52207 5.52505 5.53308 5.53681 5.58458 5.61491 5.71973 5.76129 5.84585 5.85181 5.98329 6.34468 6.54976 6.57908 6.71566 6.7258 6.72654 0 0 0 0 0 0 0 0 0 0 0 0 0 0 0 0 0 0 0 0 0 0 0 0 0 0 0 0 0 0 0 0 0 0 0 0 0 0 0 0 0 0 0 0 0 0 0 0 0 0 0 0 0 0 0 0 0 0 0 0 0 0 0 0 0 0 0 0 0 0 0 0 0 0 0 0 0 0 0 0 0 0 0 0 0 0 0 0 0 0 0 0 0 0 0 0 0 0 0 0 0 0 0 0 0 0 0 0 0 0 0 0 0 0 0 0 0 0 0 0 0 0 0 0 0 0 0 0 0 0 0 0 0 0 0 0 0 0 0 0 0 0 0 0 0 0 0 0 0 0 0 0 0 0 0 0 0 0 0 0 0 0 0 0 0 0 0 0 0 0 0 0 0 0 0 0 0 0 0 0 0 0 0 0 0 0 0 0 0 0 0 0 0 0 0 0 0 0 0 0 0 0 0 0 0 0 0 0 0 0 0 0 0 0 0 0 0 0 0 0 0 0 0 0 0 0 0 0 0 0 0 0 0 0 0 0 0 0 0 0 0 0 0 0 0 0 0 0 0 0 0 0 0 0 0 0 0 0 0 0 0 0 0 0 0 0 0 0 0 0 0 0 0 0 0 0 0 0 0 0 0 0 0 0 0 0 0 0 0 0 0 0 0 0 0 0 0 0 0 0 0 0 0 0 0 0 0 0 0 0 0 0 0 0 0 0 0 0 0 0 0 0 0 0 0 0 0 0 0 0 0 0 0 0 0 0 0 0 0 0 0 0 0 0 0 0 0 0 0 0 0 0 0 0 0 0 0 0 0 0 0 0 0 0 0 0 0 0 0 0 0 0 0 0 0
