       1            0            0            0            0            0            0            0            0            0            0
       2            0            0            0            0            0            0            0            0            0            0
       3            0            0            0            0            0            0            0            0            0            0
       4            0            0            0            0            0            0            0            0            0            0
       5            0            0            0            0            0            0            0            0            0            0
       6            0            0            0            0            0            0            0            0            0            0
       7            0            0            0            0            0            0            0            0            0            0
       8            0            0            0            0            0            0            0            0            0            0
       9            0            0            0            0            0            0            0            0            0            0
      10            0            0            0            0            0            0            0            0            0            0
      11            0            0            0            0            0            0            0            0            0            0
      12            0            0            0            0            0            0            0            0            0            0
      13            0            0            0            0            0            0            0            0            0            0
      14            0            0           20           20           20            0            0            0            0            0
      15            0            0            0            0            0            0            0            0            0            0
      16            0           20            0           40            0            0            0           20            0            0
      17           20            0           20            0          240           80            0          120            0            0
      18          600           40          440           80          140           40            0          360            0          120
      19          620          480          600          320            0          100          120          120          100          280
      20          140          660          140          540            0           60          100           20           60          360
      21           20          360            0          620            0           40          140            0          140          480
      22            0          260           20          620           40          180          360           20           80          400
      23           20          140            0          340           60          180          580           20           40          260
      24            0           40            0          200          240          280          340            0           40           40
      25            0           40            0           60          340          420           80            0           60            0
      26           20           20            0           20          380          500            0           40           20           40
      27           20           20            0            0          480          500           20           40           60           20
      28           20            0            0            0          500          700           40           80          100           20
      29           60           40            0            0          800          480            0          260          120            0
      30          100           20           20            0          360          400           60          300          180           20
      31           80            0           20            0          300          160           40          280          340            0
      32          140           40           20            0          200           40           60          460          360            0
      33          120           20            0            0           60           40           20          240          300           60
      34           80            0           40            0           40           80           20          360          460           20
      35          100           20           60            0           40            0           40          240          400           60
      36           80           20           40            0           60            0            0          320          440           40
      37           40            0          160            0           20            0           20          220          300          100
      38           80           20          180            0           20            0            0          160          380           60
      39            0            0          300            0           20            0           40          120          340          140
      40          100           40          260           60           40            0            0          120           80           40
      41           20            0          280           60            0            0           40          120           40           40
      42           60            0          520           60           20            0            0          200           60           60
      43          120            0          660          140            0            0           20           80           20           20
      44           60            0          700          340            0            0          100           80           60           20
      45            0            0          460          700            0            0           20           80           60          100
      46            0            0           60         1000           40            0           40            0          120          140
      47            0           20          120         1120          160            0           40            0           80          280
      48           60            0          100         1240          320            0           60            0          100          460
      49          140           60           60          740          440            0           80            0           40          400
      50          120          120            0          140          360           40           60            0            0          400
      51          120           20           20           40          280           20           80            0           20          140
      52          120           20           20           20          200           40           60           40            0          260
      53          100           20            0            0          200            0          100            0            0          220
      54          200            0           20            0          100            0           60           40            0          120
      55           80           40           20            0           20            0           20           20            0           40
      56          120            0            0            0           40            0           40           20            0          140
      57           80           40           20            0           20            0           80           20            0           40
      58           60           60            0            0           20            0           80           20            0           20
      59          100           80            0            0            0           20           60            0            0            0
      60          160           40            0            0            0            0           20            0            0            0
      61          180           60            0            0            0           20           40           40            0           40
      62          220          160            0            0            0            0           40           40            0            0
      63          200          140            0            0            0           20           20            0            0            0
      64          320          180            0            0            0           60           80           20            0            0
      65          400          220            0            0            0           80           40           20            0           20
      66          400          280            0            0            0          100           80            0           20           80
      67          300          600            0            0            0          220           20           20           20           40
      68           80          380            0            0            0          260            0            0           20          100
      69           20          300            0            0            0          200            0            0           20          100
      70           20          280            0            0            0          400           40            0           60          100
      71            0          100            0            0           20          500            0           20            0          160
      72           20           40            0            0            0          600           40           60           40           60
      73            0           20            0            0           60          540           40          200          100           80
      74           20           20            0            0           40          360           40          280          220           40
      75            0           20            0            0           80          140           20          320          380           40
      76            0           20            0            0           40           60            0          260          480           80
      77            0            0            0           20           40           20           40          360          380           60
      78            0           20            0            0           40           40           80          440          580          160
      79            0            0           80            0           20            0           80          380          620          200
      80            0            0          140           60           40           20          120          380          380           80
      81            0            0          220           60           20            0          200          300          320           20
      82            0           20          260           80           40            0          180           60          140           60
      83            0           20          340          180           20            0           80           80          120            0
      84            0            0          380          320           80            0           80           40           80           40
      85            0            0          240          460           60            0           40           20           80            0
      86            0            0          100          420          180            0           80            0           60           40
      87            0            0           60          780          400            0           80            0           60           20
      88            0            0           40         1100          680            0           60            0            0          120
      89           40            0          100          660         1040           20           40            0           20          200
      90          100            0           60          160          680           20           60            0            0          140
      91           60            0           80           20          480           20           20            0            0          180
      92          160           40           60            0          240           20            0           20            0          180
      93           60            0           40            0          140            0           60            0           20           60
      94          140            0           40            0          160            0            0           20            0          180
      95          180           40           60            0          140           40           60           40            0          160
      96          160           20           80            0           20           20           60           20            0          200
      97          220           20            0            0           20           40           40           40            0          160
      98          120           20           40           40            0           40           60            0            0          180
      99          200           40            0           20            0           40           40           20            0          180
     100          240           40            0            0            0           40           20           80            0          180
     101          160           40            0            0            0           80           60          120            0           80
     102          260          120            0           20            0          100            0          120            0           80
     103          300          100            0            0            0           40            0           40            0          160
     104          380          140            0            0            0           60          140          260            0          140
     105          460          180            0           20            0           20          120          220            0           40
     106          680          260            0           40            0          120          120          200            0          100
     107          520          300            0           20            0          220          140          100            0           40
     108          320          600            0           20            0          200           60           60           20           60
     109           40          360            0            0            0          220           20          100           20           20
     110           20          300            0            0            0          100            0           80           40           40
     111            0          220            0            0            0          120           40          180           40           40
     112            0          160            0            0            0          140           40          200           80           20
     113            0          100            0           20            0           60            0          200           60            0
     114            0          120           20            0            0           40           40          160          100           20
     115            0          100           20            0            0            0            0          120           80            0
     116            0          100           60           20            0            0           40           60          200           60
     117            0          100           40            0           20            0          120           60          280           80
     118            0          100          100           20            0            0          120           20          440           80
     119            0           40          220           40           20            0           60           80          500          140
     120            0           20          360           40           20            0          120           60          440          100
     121            0           20          640          160            0            0          160           60          320           60
     122            0            0          500          260           40            0          140           40          140           80
     123            0           20          180          420           40            0           40            0          200           40
     124            0            0           40         1080           20            0          140            0           80           20
     125            0            0           40         1340          140           20          160            0           80          200
     126            0           60           20         1360          340           40          160            0          100          360
     127            0           20           60          820          700           80          180            0           40          380
     128            0          100           20          440          860          120           20            0            0          300
     129           60           20           20           60          660           80           20            0            0          340
     130           60           20           40            0          480           20           80           20           20          280
     131           40            0           80           20          340           80           40            0            0          320
     132           40            0           20            0          260           80          180           80            0          320
     133           60            0           60            0          340          120          140           60            0          320
     134          100            0           20            0          200          120          100           80            0          100
     135          120            0            0            0          260          220           40          100            0           40
     136          160            0           40            0          180          140          120           60            0           40
     137          140            0           60            0           20          100           60          160            0           80
     138          180            0           20            0           60           60           20           80            0           60
     139          160            0           20            0            0          100          100          180            0           20
     140          100           20           20            0           40           80          100          180            0           20
     141          220           20           20            0            0          120           60          180            0           20
     142          300           80            0            0           20           80           60          160            0           40
     143          200           80           20            0            0          220          100          260            0           20
     144          160           80           20            0           20          300          100          200            0           20
     145          340           80           20            0            0          280            0          240            0           60
     146          340           80            0            0            0          400           80          260            0            0
     147          500          140            0            0            0          320            0          360            0           60
     148          480          160           20            0            0          320           80          340           40           40
     149          240          200            0            0           20          160           60          340           60           20
     150          200          280           20            0            0           20          120          240           40           20
     151            0          180           80            0            0            0           40           60          160           40
     152           20          200           20            0           20           40           60           80          180            0
     153           20          160           20            0            0            0           20           20          200           40
     154            0          180           40            0            0           20           80           40          320           20
     155            0          160           80            0            0           20           40           60          520            0
     156            0           80          200            0            0            0            0           40          440           40
     157            0           40          360           20            0            0           40           80          360           40
     158            0          100          560           80            0            0           20          140          280           20
     159            0           60          820          160            0            0           20          100          140           80
     160           20          100          820          280            0            0           40           40          120          100
     161            0          100          520          720           20            0           20           20          100           80
     162            0          100           40         1140            0            0           40            0          160          220
     163            0          180           60         1640            0            0           60            0          180          280
     164            0          220          100         1680          100           40          100            0          100          420
     165            0          280           20         1120          420           40           60            0          120          480
     166           80          180           80          780          580           40          120            0           60          540
     167           60           80            0          140          440           40          180            0            0          560
     168           40           20            0           20          580           40           80            0           20          260
     169           60            0            0            0          460           20           60            0            0          260
     170           80            0           20            0          360            0          120           20            0          300
     171           60           20           20            0          240           40           60           40            0          280
     172           80            0           20            0          140           40          120           60            0          320
     173           60            0           20            0          140           20          140           40            0          260
     174           40            0           20            0          240            0          220           80            0          120
     175           60            0           20            0          240           20          200           60            0           60
     176           60            0           40            0          100           80          160           60            0            0
     177          120            0            0            0          220           60           80           20            0            0
     178           80           20           40            0          200           80           40           60            0            0
     179          180            0            0            0           60          140           60          100            0           20
     180          140           20           20            0            0          100           60          160            0            0
     181          180           20           20            0           20           60           40           40            0            0
     182          200           40            0            0           20          160           60           60            0           20
     183          200           20            0            0           20          120           40           40            0            0
     184          240           80            0            0            0          220           20           20            0           20
     185          320           60           20            0           20          400           20           80            0           20
     186          300          100            0            0           20          420            0          180            0           40
     187          480          140            0            0           20          640           80          200            0           40
     188          340          160            0            0            0          420           20          360            0           20
     189          440          160            0            0            0          380           80          320            0           80
     190          400          180            0            0           20          200           20          440           80           40
     191          220          320            0            0            0           20          120          360          160           40
     192          100          260           20            0            0           20           80          160          140            0
     193           20          260           40            0            0            0           20          100          220            0
     194            0          260            0            0            0            0           20          180          280           60
     195            0          180            0            0           20            0            0           40          520            0
     196            0           80           60            0            0           20           20          140          360           40
     197            0           40          120           20            0            0           40           20          440           20
     198            0           40          240           20            0            0           40          180          460           60
     199            0           20          320           60            0            0            0          100          240           80
     200            0           20          360          100           20            0           40           60          160            0
     201            0           40          640          280            0            0           20           80          140           60
     202            0            0          480          440           20            0          100           40          160           80
     203            0           60          160          640            0            0           20            0          120          100
     204            0           80           60         1260           40            0           20            0          160          200
     205            0           80           80         1460           60            0           60            0          120          260
     206            0          160           60         1680          260           20          100            0           60          580
     207           20          260           60         1000          580           40           80            0          100          460
     208           80          140           20          360          680           60          100            0           20          540
     209           40           60            0           20          380           40           80            0            0          300
     210           40            0            0            0          340           40           80            0           20          260
     211           20            0            0            0          280           60           60           40            0          260
     212           40            0           40            0          240           20          100           40            0          220
     213           80            0            0            0          400           20          100           40            0          180
     214           20            0           40            0          180           20          100          100            0          220
     215          120            0           20            0          280            0          180           80            0          280
     216           40            0           20            0          220           20          200           80            0           80
     217           80            0           40            0          160           60          160           80            0           40
     218          120           20            0            0          240           80          160           40            0           40
     219          120            0           40            0          160          140          140          180            0            0
     220          160           20            0            0           60          100           80           60            0            0
     221          120            0           40            0            0          100           40           80            0            0
     222          120           20           20            0           20           80           60           40            0            0
     223          260           20            0            0            0           40           60           80            0           20
     224          180           60           20            0           40          140           20           20            0           20
     225          340           60           40            0            0          160           20           40            0           20
     226          360          100            0            0           20          260           20           20            0           20
     227          220          140            0            0           20          500           40          120            0           60
     228          240           80            0            0            0          300           20          200            0           20
     229          340          140            0            0           20          460           80          300            0           60
     230          440          160            0            0            0          360           20          400            0            0
     231          340          200           40            0            0          100           80          420            0           80
     232          260          340            0            0            0          100           60          220           80           40
     233           80          340            0            0            0           60           20          180          160           40
     234            0          300           40            0            0            0           20          180          120            0
     235            0          300           20            0            0           20            0          120          240           40
     236            0          200           60            0            0            0            0          120          200           20
     237            0          180          140            0           20            0           80           80          420           60
     238           20           80          220            0            0            0           40          140          520           20
     239            0          100          380           20            0            0           20          120          400          100
     240           20           40          760           60            0            0           40          120          400           80
     241            0           80          800          160            0            0           80          100          180          160
     242            0           20          740          180           20            0           80           80          140           40
     243            0           60          420          620           20            0           40           20          120           80
     244            0           60          120         1000            0            0           20            0          160          160
     245            0          100           60         1640            0            0           40            0          180          340
     246            0          160          100         1580           20           20          120            0          140          460
     247            0          180           60         1400          380           40          180            0           40          560
     248           40          160           20          900          520           40           80            0           80          620
     249           40          100            0          220          580           20          220            0            0          320
     250           60            0            0           80          360           80           40            0            0          260
     251           60           20            0            0          380           40          120            0            0          280
     252           40           20            0            0          440            0          100           40            0          120
     253           80            0           20           20          340           20           40            0            0          220
     254          100            0           40            0          360           80           80           60            0          260
     255           80            0           40            0          280            0          140           60            0          180
     256           20            0           20            0          240           40          220           60           20          160
     257          120            0           20            0          260           80          120           40            0           20
     258           20            0           40            0          160           80           60           80            0           60
     259          120            0           40            0          240          120           80          100            0           20
     260          180            0           40            0           80           80           80          100            0           20
     261          100           40           20            0          100          180          100           60            0           20
     262          200            0            0            0           40          120           40           40            0            0
     263          220           20            0            0            0           60           20           40            0            0
     264          300           20           40            0           40          160           40           20            0           20
     265          280           80            0            0            0          200           20          120            0           40
     266          340           60            0            0           20          380           60          140            0           40
     267          280          120            0            0           20          460            0          120            0           40
     268          380          120            0            0            0          480           40          220            0           20
     269          460          200            0            0           20          600           60          420            0           60
     270          520          140           20            0           20          260           60          300            0           80
     271          460          220            0            0            0          300           60          500           20           20
     272          240          200           40            0            0          160          100          300          100           60
     273           80          360            0            0            0           60           60          120          200           20
     274           20          160            0            0            0           20            0           40          220           20
     275            0           80            0            0            0           80            0          100          280            0
     276            0          180           20            0            0           20            0           80          340           20
     277            0          160            0            0           20            0            0          140          400           40
     278            0           80           40            0            0            0            0          120          540            0
     279            0           80          120           40            0            0           20          120          420           40
     280            0           40          180           20            0            0           40          140          480           60
     281            0           40          320           80           20            0           20          180          380           80
     282            0            0          380          160            0            0           40           40          180           60
     283            0            0          480          280            0            0           40           60          100           40
     284            0            0          440          460            0            0           80           40          140          100
     285            0           40          220          640           40            0           20            0          140          100
     286            0           80           80         1320           60            0           40            0          100          180
     287            0           80           60         1600           80            0           80            0          140          420
     288            0          140           40         1360          340           40          100            0           60          500
     289           20          240           80         1180          640           40           80            0           60          580
     290          100           80            0          160          700           40          100            0           40          460
     291           20           40           20           20          380           20           60            0            0          340
     292           60            0            0            0          440           60           60            0            0          200
     293           60            0           20            0          280           20          100           60            0          320
     294           60            0           20           20          340           20          100           60            0          320
     295           60            0           20            0          240           20          160           80            0          220
     296           80            0           40            0          300           20          200          120            0          300
     297           60            0           20            0          220            0          120          100            0           40
     298          120            0           40            0          280           60           80           40            0           60
     299           20            0           40            0          160           80          100          140            0           20
     300          120           20            0            0          100           80          160          220            0           40
